yr_to_yr	city_name	both_urban_area	both_nonUrban_area	Y1nonUrban_Y2urban_area	both_urban_npp_y2	both_nonUrban_npp_y2	Y1nonUrban_Y2urban_npp_y2	both_urban_npp_y1	both_nonUrban_npp_y1	Y1nonUrban_Y2urban_npp_y1
2010_2019	克拉玛依市	27106013	2614888473	0	0	1.55729E+11	0	0	1.73662E+11	0
2010_2019	莲花县	14167776	1097907740	2216171	74236198	7.78966E+11	948080742	87199833	7.04456E+11	878225852
2010_2019	台北市	192757556	67797923	225384	4215593091	79581930042	202846401	3421190123	72856309151	167844128
2010_2019	新竹县	126116704	1211161623	2558555	18064116400	1.84525E+12	2085119246	16602516588	1.77679E+12	1957213182
2010_2019	南投县	79499992	3664047708	682557	1914902960	5.79557E+12	593622027	1882649358	5.76944E+12	577154633
2010_2019	台南市	79341776	32164263	585361	8375962201	12004684390	407091278	7370568152	9992042747	348886321
2010_2019	屏东县	130698384	2612581750	2757429	10130063254	3.43044E+12	1606212799	9230133896	3.35684E+12	1583663986
2010_2019	澳门	29015475	444155275	3235431	8493730531	1.95886E+11	1359776834	8286776721	1.90348E+11	1304392966
2010_2019	北海市	47546501	2749727538	6827329	1845955088	1.93486E+12	3231713611	1635906339	1.83165E+12	3245076682
2010_2019	玉环县	42246070	194376415	5667161	11290820360	1.55788E+11	3307479490	9753619309	1.1901E+11	2748052708
2010_2019	香港	192427441	669060027	1379654	14004531692	5.8124E+11	876317867	14675927889	6.24389E+11	952311144
2010_2019	噶尔县	2089928	76478738092	0	0	4.05909E+12	0	0	3.66484E+12	0
2010_2019	云龙县	224142214	27824942905	15033745	9840492899	3.23655E+13	10314373389	9196020078	2.55965E+13	10150344041
2010_2019	泽当	11037917	67102953561	0	0	3.80717E+13	0	0	3.26522E+13	0
2010_2019	昌都	21265232	95427508375	0	0	2.62839E+13	0	0	2.35799E+13	0
2010_2019	西昌市	177074279	59505083944	3085068	1507868774	5.1385E+13	1561196305	1326807544	4.19496E+13	1567129015
2010_2019	个旧市	367504854	32669722803	14357269	12700573431	4.13005E+13	10115170339	10329723662	3.21461E+13	9155460641
2010_2019	防城港市	21969064	5706230970	261276	1413068428	5.76683E+12	196701387	1284988940	5.61459E+12	229947654
2010_2019	马山县	200891940	9834822720	10757022	3409701664	7.50347E+12	4550926174	3299573513	7.21887E+12	4847780793
2010_2019	海口市	344757956	30911786901	61208619	72207452390	3.44972E+13	39031628466	64913526456	3.03229E+13	37827608696
2010_2019	茂名市	244575507	10987164120	15954339	12921486958	9.74617E+12	8988070928	13251159278	9.84707E+12	9404537327
2010_2019	桂林市	262356658	26924331887	20490473	27778482701	2.07695E+13	9807227658	25600865639	1.93081E+13	10191037247
2010_2019	柳州市	237986735	5108177664	13931037	21998803946	3.70098E+12	5939408068	20853744938	3.46208E+12	6451511604
2010_2019	兴义市	56094427	17448876209	7209084	1526428705	1.69923E+13	3676758257	1441463866	1.39676E+13	4242525137
2010_2019	毕节市	64597791	26376333411	1108983	1359888170	2.18816E+13	458722730	1121618029	1.71437E+13	430435373
2010_2019	自贡市	109465193	4273563635	17165913	15671575473	2.54885E+12	6188791518	11037654390	1.64941E+12	5750124352
2010_2019	仁寿县	150862683	7180152207	31850366	34243654539	4.72226E+12	13089397418	26327055895	3.42986E+12	11521182175
2010_2019	同仁县	16903081	17931739335	0	0	7.03249E+12	0	0	7.24917E+12	0
2010_2019	定西县	84905963	19609642311	1838919	784076282	1.04375E+13	464846004	800043145	7.9379E+12	563166236
2010_2019	门源回族自	67031802	30418556496	0	0	9.85267E+12	0	0	9.39754E+12	0
2010_2019	库尔勒市	278213153	47868688417	0	0	1.05975E+13	0	0	9.42176E+12	0
2010_2019	阿拉善左旗	53898309	8929671265	0	0	9.78867E+11	0	0	6.89981E+11	0
2010_2019	呼和浩特市	225880562	16617310448	42353413	11244304610	6.52106E+12	12674281768	8004700637	4.24575E+12	9476164633
2010_2019	固原县	66263517	15933030251	0	0	7.07939E+12	0	0	5.24091E+12	0
2010_2019	汉中市	96875708	26835400177	9604871	6287926457	1.91599E+13	3875200172	6299686924	1.72641E+13	4105392110
2010_2019	南充县	160323324	12222134229	42088306	28861550950	6.61716E+12	14379684943	22560231810	4.8106E+12	13913298287
2010_2019	马尔康县	19162259	80879947785	0	0	4.2165E+13	0	0	3.69244E+13	0
2010_2019	襄樊市	533040973	18468188629	40254423	59859277555	1.03983E+13	15509198064	64635132470	1.17621E+13	18852674466
2010_2019	重庆市	1270156923	79422534240	341141132	2.47485E+11	5.42053E+13	1.23418E+11	2.06204E+11	4.55044E+13	1.35628E+11
2010_2019	益阳市	134585304	11203063636	14745819	10299794394	6.49138E+12	6169568947	9011290522	5.99278E+12	5774318818
2010_2019	沙市市	261594553	12624752190	58881226	31519251386	5.32024E+12	22767100361	31247972391	5.70154E+12	24834792627
2010_2019	衡阳市	213359909	14579569460	43109091	17907486846	9.3904E+12	17116440497	16006656070	8.00913E+12	16881837286
2010_2019	惠州市	664801331	10500690364	49947855	1.22254E+11	1.12738E+13	22707032395	1.32702E+11	1.10764E+13	26015168465
2010_2019	佛山市	1607046823	1975197321	20839872	2.68397E+11	1.18744E+12	6702463070	2.60823E+11	1.15104E+12	6657316516
2010_2019	揭阳县	816694406	4440248896	53729991	83775312284	5.03575E+12	37234480453	85621036804	4.60765E+12	38281723276
2010_2019	漳州市	625580429	11802618149	59777901	91880070049	1.49138E+13	42222846014	86514715290	1.28011E+13	40923981283
2010_2019	莆田市	577421745	3145153599	49724101	1.66843E+11	4.08702E+12	34812336327	1.59084E+11	3.47294E+12	34090376275
2010_2019	赣州市	335915644	38998614805	80709840	54993592169	3.35501E+13	37211260634	50959258550	2.97335E+13	37050476503
2010_2019	宜春市	268367127	18707300408	64781772	50646465718	1.27423E+13	27353363214	42169084341	1.08707E+13	25669886415
2010_2019	上饶市	279310248	21203313614	38037145	42275874302	1.54026E+13	17705595479	37492805682	1.24276E+13	17184836285
2010_2019	黄石市	171456391	3823998381	28692693	43984893381	2.3698E+12	11941901518	36058969766	2.01583E+12	11098326952
2010_2019	咸阳市	315887862	10072213735	26198951	25109898909	5.93747E+12	10428653984	22255133317	5.40932E+12	10147120742
2010_2019	三门峡市	176126363	9596412600	9640644	16047155876	5.59422E+12	3578596874	15488056039	5.47252E+12	3823238047
2010_2019	郑州市	951110040	6177473287	115082975	1.03976E+11	2.2645E+12	30008432507	1.08267E+11	2.43292E+12	36203004275
2010_2019	晋城市	301118552	9107828557	11563842	42906324096	4.34798E+12	4476016573	38423881037	4.37298E+12	4352141837
2010_2019	离石县	471761224	20582840652	32917270	87815096131	1.01912E+13	10244302363	71819739856	8.39272E+12	9292873618
2010_2019	鹤壁市	174683652	2060419877	34725534	19580928631	7.39229E+11	9876917827	19383381107	7.0151E+11	11286875852
2010_2019	阜阳市	263308802	9950925570	57560492	26057812120	4.79935E+12	18442247070	33906671139	5.24423E+12	26625773397
2010_2019	淮北市	234029874	2428665222	17507715	37675964007	1.20521E+12	6662137627	37128678036	1.24946E+12	7257687219
2010_2019	菏泽市	924778362	11354821353	59109324	32852553670	4.57349E+12	17650043220	36593579213	4.41709E+12	20303684101
2010_2019	聊城市	542571590	8071647120	61769235	36910723267	2.96073E+12	18332930278	34982631181	2.70278E+12	18913542207
2010_2019	阳泉市	187034621	4309623973	1377976	27710907490	1.94236E+12	440359850	23686653261	1.66559E+12	416633740
2010_2019	保定市	1951850384	20065377649	169234656	92821676537	7.67427E+12	47640852700	86727110582	6.81235E+12	46682504963
2010_2019	香河县	164432990	1108334055	33923234	18286733597	4.04573E+11	10063588173	15518001240	3.46777E+11	9241058743
2010_2019	葫芦岛市	262273769	9412118335	6744942	20394126683	4.93069E+12	3057597739	15878778443	4.23612E+12	2496006005
2010_2019	阜新市	167796334	10425779146	8908579	9361814137	4.46146E+12	3023478469	7344001811	3.76655E+12	2616434172
2010_2019	鞍山市	480124311	8914241375	20079739	46419584448	4.9573E+12	8240049646	32516468007	4.00975E+12	6454877815
2010_2019	扶顺市	310327508	10981457346	10234642	27539785320	8.02525E+12	4337161206	21374845271	6.54823E+12	3511413425
2010_2019	锡林浩特市	173945255	1.97063E+11	3800201	129417194	5.16582E+13	888292116	84130276	4.20347E+13	580053548
2010_2019	白城市	179439618	25259837352	2621093	1262400079	7.9008E+12	636627962	1147087501	6.27924E+12	639130939
2010_2019	黑河市	183724655	67383577822	3083706	1417841405	3.519E+13	794920226	1402198634	3.45831E+13	985648893
2010_2019	四平市	250417417	14273557174	19797965	8779045491	6.2865E+12	6832424947	7875220733	5.74059E+12	6986514634
2010_2019	哈尔滨市	931541293	51094847657	85850722	57894260277	3.15268E+13	31709072305	48920579755	2.69953E+13	30893556556
2010_2019	鸡西市	250424949	20217710341	3337163	1289488766	1.12937E+13	1274687558	1079028933	1.03404E+13	1219360222
2010_2019	孝感市	193426257	8745885092	28861697	23417935367	3.76437E+12	10605381163	24883529939	4.37102E+12	12215138981
2010_2019	宁德市	114099556	12257591334	12237140	13618025325	1.32259E+13	6562820829	12628357978	1.03639E+13	6324443735
2010_2019	宁波市	1275082038	6532011164	202474854	3.21322E+11	5.78012E+12	1.14868E+11	2.89159E+11	4.78846E+12	1.06965E+11
2010_2019	杭州市	1493626441	14628441118	250790267	4.83483E+11	1.24259E+13	1.25346E+11	4.07815E+11	9.81196E+12	1.07389E+11
2010_2019	苏州市	2349308476	3227415236	334200455	7.99786E+11	1.7132E+12	1.55775E+11	6.47226E+11	1.36296E+12	1.36262E+11
2010_2019	常州市	959487566	2996770855	142016619	3.40032E+11	1.74915E+12	69108638226	2.78949E+11	1.54442E+12	63915307349
2010_2019	巢湖市	183267916	8300414194	69417032	47299160511	4.37109E+12	31299712780	41986892167	4.08893E+12	29853718366
2010_2019	宿迁市	499531588	7407019352	78269794	1.0451E+11	4.32213E+12	36390022200	1.05296E+11	4.12805E+12	40306402105
2010_2019	枣庄市	670221611	3745937054	23562012	98910699123	1.96563E+12	9779048093	80127346703	1.61257E+12	8820101671
2010_2019	青岛市	1236848985	8968210565	146551410	2.07158E+11	5.52E+12	68237810412	1.90917E+11	4.76336E+12	67348244670
2010_2019	滨州市	456105436	7510284816	99553528	54530923135	3.19882E+12	32108136715	40842815713	2.27408E+12	25601549697
2010_2019	扬州市	514767214	5415429441	85654425	1.19296E+11	3.07109E+12	39564582177	1.08295E+11	2.87699E+12	40583872234
2010_2019	奎屯市	47210352	1575098957	0	0	2.53581E+11	0	0	2.49739E+11	0
2010_2019	桓仁满族自	19522862	3396248196	375315	1285391003	2.656E+12	173395789	912295621	2.03475E+12	153935677
2010_2019	天长市	36589950	1716881271	6926563	8948269402	9.26E+11	3153272636	8625095945	9.40648E+11	3436969527
2010_2019	潜江市	55194006	1920336604	9357952	3624834330	7.94556E+11	3804782380	3930807488	1.01397E+12	4347554824
2010_2019	宜兰县	67883406	2243010972	2486665	16866543118	2.75927E+12	1119343508	15801376174	2.76995E+12	1131697411
