yr_to_yr	city_name	both_urban_area	both_nonUrban_area	Y1nonUrban_Y2urban_area	both_urban_npp_y2	both_nonUrban_npp_y2	Y1nonUrban_Y2urban_npp_y2	both_urban_npp_y1	both_nonUrban_npp_y1	Y1nonUrban_Y2urban_npp_y1
2001_2010	克拉玛依市	27106013	2221273493	0	0	1.52356E+11	0	0	1.27469E+11	0
2001_2010	莲花县	13946175	1100123912	221600	0	7.05335E+11	87199833	0	7.40433E+11	97216180
2001_2010	台北市	192757556	68023308	0	3421190123	73024153279	0	3024563842	65020324397	0
2001_2010	新竹县	119566873	1213760047	6549831	11732661710	1.77875E+12	4869854877	11733208918	1.6E+12	4966944718
2001_2010	南投县	79044948	3664502651	455044	1529558047	5.77002E+12	353091310	1366155951	5.27851E+12	355980484
2001_2010	台南市	78732860	30931270	687053	7146678392	10357570954	223889760	5978037545	8052957207	197125199
2001_2010	屏东县	126413303	2615629283	4363594	6523351788	3.35895E+12	2706782108	6792445462	3.37937E+12	2815654011
2001_2010	澳门	22014863	441115222	7000611	5463397233	1.91769E+11	2823379487	5182311217	1.82114E+11	3274038267
2001_2010	北海市	44124351	2754342995	3470214	199137377	1.83518E+12	1436768961	229818663	1.68129E+12	1989823217
2001_2010	玉环县	35445273	200047304	6833542	6528740227	1.21758E+11	3224879082	7926009951	1.31175E+11	4272202795
2001_2010	香港	190641597	670821328	2301147	13224826370	6.25334E+11	1492391628	11633209383	6.37846E+11	1445581944
2001_2010	噶尔县	2089928	75805253231	0	0	3.65708E+12	0	0	4.13068E+12	0
2001_2010	云龙县	218531033	27844121932	5611181	5626300436	2.5609E+13	3569719642	6613187536	2.57697E+13	4140761240
2001_2010	泽当	11037917	66778584482	0	0	3.26276E+13	0	0	3.54088E+13	0
2001_2010	昌都	21265232	94174658803	0	0	2.34787E+13	0	0	2.1276E+13	0
2001_2010	西昌市	176196127	59504979654	878152	1036311839	4.19566E+13	290495704	1185731228	4.18238E+13	387699920
2001_2010	个旧市	356340155	32681108563	11164699	4196721496	3.21554E+13	6133002165	5120834993	3.25853E+13	7346693267
2001_2010	防城港市	20116335	5708325841	1913469	519128247	5.61503E+12	765860693	570925231	5.80338E+12	1080027938
2001_2010	马山县	197003168	9844891068	3888772	1664109949	7.22372E+12	1635463563	1827531901	7.36012E+12	1917871863
2001_2010	海口市	291079179	30979635032	53872105	36585131267	3.03612E+13	28328395189	40250514552	3.17804E+13	36050747903
2001_2010	茂名市	239824741	11004072551	4850616	10958141155	9.85658E+12	2427272992	10048469191	9.51401E+12	2475400823
2001_2010	桂林市	236674449	26945496328	25682208	14058581114	1.93182E+13	11542284524	17184605180	2.01647E+13	14505670645
2001_2010	柳州市	215075007	5122108701	22911728	11839063511	3.46853E+12	9014681427	13619193564	3.48191E+12	11086335220
2001_2010	兴义市	53617721	17461191346	2476706	368033288	1.39732E+13	1073430578	481132955	1.40518E+13	1381788992
2001_2010	毕节市	63488666	26378774370	1109125	694804512	1.71444E+13	426813517	830302958	1.65348E+13	585130325
2001_2010	自贡市	82315061	4290729549	27150131	3597187738	1.65516E+12	7440466651	4223249125	1.54648E+12	8483674045
2001_2010	仁寿县	82877216	7212002573	67769701	6025910503	3.44138E+12	20247505990	6796309611	3.21753E+12	22147250542
2001_2010	同仁县	16903081	17946947926	0	0	7.25073E+12	0	0	6.02739E+12	0
2001_2010	定西县	84905963	19611683587	0	800043145	7.9385E+12	0	968256944	6.66902E+12	0
2001_2010	门源回族自	67031802	30583889844	0	0	9.42148E+12	0	0	7.52986E+12	0
2001_2010	库尔勒市	278213153	45449123189	0	0	9.37454E+12	0	0	8.18169E+12	0
2001_2010	阿拉善左旗	53898309	6578442290	0	0	6.15919E+11	0	0	4.92467E+11	0
2001_2010	呼和浩特市	221343574	16660989267	4536987	6974055735	4.25534E+12	1030644901	7123776815	2.9319E+12	1188136215
2001_2010	固原县	66263517	15933600329	0	0	5.2408E+12	0	0	3.49991E+12	0
2001_2010	汉中市	92071048	26845840297	4804660	4468438330	1.72685E+13	1831248594	4465464395	1.4892E+13	1814362054
2001_2010	南充县	138535988	12264863187	21787335	16786039199	4.82453E+12	5774192611	20288277809	4.64532E+12	7333417774
2001_2010	马尔康县	19162259	80959944306	0	0	3.6933E+13	0	0	3.54573E+13	0
2001_2010	襄樊市	516352670	18508865971	16688303	57931932552	1.17813E+13	6703199918	55040717620	1.03041E+13	6678219741
2001_2010	重庆市	878736227	79769214662	389687727	85299914957	4.56408E+13	1.20754E+11	1.04185E+11	4.36094E+13	1.41567E+11
2001_2010	益阳市	130005474	11218248602	4361620	7411149634	5.99883E+12	1571424515	8464755119	5.71004E+12	1761829744
2001_2010	沙市市	243924612	12680394561	17669940	24260398910	5.72646E+12	6987573481	23796425840	5.47762E+12	6951560709
2001_2010	衡阳市	190908196	14622678552	22451712	8743529290	8.02602E+12	7263126780	10386603837	8.22051E+12	9744186001
2001_2010	惠州市	556308984	10550601705	108381057	81416266970	1.11025E+13	51285426758	86339263546	1.14566E+13	61616202433
2001_2010	佛山市	1243988626	1968999060	253974409	1.60457E+11	1.15456E+12	79947305090	1.53803E+11	1.15257E+12	83249517988
2001_2010	揭阳县	782694287	4494990636	34023477	63938425434	4.6464E+12	21682611369	68090085816	4.69889E+12	24483197981
2001_2010	漳州市	561076770	11864340250	65087302	49326802903	1.28424E+13	37269151485	57112549008	1.37877E+13	48151063645
2001_2010	莆田市	527596614	3196059879	49774800	1.25404E+11	3.50715E+12	33635022441	1.33139E+11	3.63327E+12	36978723671
2001_2010	赣州市	266604554	39080667931	69311090	23691856202	2.97706E+13	27267402347	34417122471	3.34465E+13	39616414465
2001_2010	宜春市	232785868	18771861013	35581258	29946477354	1.08963E+13	12222606987	39904257617	1.20663E+13	17951708226
2001_2010	上饶市	250912366	21243752577	28397881	26769045453	1.2445E+13	10723760228	34261078504	1.46659E+13	15416245520
2001_2010	黄石市	158268637	3853124022	13187753	31509804762	2.02693E+12	4549165003	35945108470	2.24868E+12	6402722195
2001_2010	咸阳市	304050118	10098618118	11837744	18236503996	5.41955E+12	4018629321	17558071930	3.7743E+12	4168168583
2001_2010	三门峡市	171606644	9607120344	4519719	13735021755	5.47659E+12	1753034284	11618437396	4.18149E+12	1881879856
2001_2010	郑州市	875909751	6297695962	75200288	85686676387	2.4706E+12	22580519900	94497403755	2.21872E+12	25727742778
2001_2010	晋城市	288336608	9118783974	12781944	34046089779	4.37733E+12	4377791257	27369101196	3.43336E+12	4365312869
2001_2010	离石县	454124083	20611261240	17243563	67452117941	8.40137E+12	4305952809	65060769965	5.39737E+12	3650098830
2001_2010	鹤壁市	158842674	2095145411	15840977	14807482740	7.12797E+11	4575898366	14028305100	6.41705E+11	5000960648
2001_2010	阜阳市	236307370	10008695631	27001431	22622197860	5.27089E+12	11284473279	23946964045	4.40034E+12	11608209159
2001_2010	淮北市	212821117	2446379891	21208756	29047728183	1.25672E+12	8080949853	29520494082	1.15671E+12	9218661995
2001_2010	菏泽市	884613135	11418829822	40165227	24102200118	4.43856E+12	12491379094	28646404125	4.59575E+12	15490264143
2001_2010	聊城市	501041968	8133416355	41529621	23644919648	2.7217E+12	11337711532	25022453337	2.48184E+12	12741608545
2001_2010	阳泉市	183093717	4311001949	3940903	22606675629	1.66601E+12	1079977632	18674020130	1.39771E+12	922655268
2001_2010	保定市	1897294124	20237336315	54556260	73000780658	6.85904E+12	13726329924	66977554524	5.68042E+12	12940024480
2001_2010	香河县	153710276	1142257289	10722714	13012398228	3.56018E+11	2505603012	13162672839	3.23803E+11	2760409516
2001_2010	葫芦岛市	252314128	9420760506	9768317	12789861844	4.23938E+12	3088916598	13580740431	3.97813E+12	3574954589
2001_2010	阜新市	159811692	10434873551	7984642	5187962172	3.76917E+12	2156039639	4771218881	3.23197E+12	2300408378
2001_2010	鞍山市	460393233	8934321115	19731077	27014276685	4.01621E+12	5502191321	32523723123	4.5153E+12	8002908245
2001_2010	扶顺市	299210974	10991320028	11116534	18126219394	6.55175E+12	3248625877	18691528238	7.58407E+12	4610880754
2001_2010	锡林浩特市	173405268	1.92349E+11	539987	0	4.17617E+13	84130276	0	3.41762E+13	74770179
2001_2010	白城市	179089883	25320939826	349734	1053778412	6.28343E+12	93309089	634018776	4.2606E+12	62882212
2001_2010	黑河市	183395509	67388485913	329145	1317805656	3.45842E+13	84392978	1128784101	3.13347E+13	69153528
2001_2010	四平市	243505795	14294442624	6911621	5673601712	5.74754E+12	2201619020	5676492377	5.02171E+12	2362691720
2001_2010	哈尔滨市	862826431	51194485530	68714861	29132641182	2.70272E+13	19787938573	29006130871	2.60774E+13	21215415705
2001_2010	鸡西市	249195120	20231908160	1229829	730353116	1.0342E+13	348675817	734368896	1.10025E+13	387046880
2001_2010	孝感市	183165210	8774746790	10261046	21007617679	4.38323E+12	3875912260	21066970080	3.97247E+12	4463090772
2001_2010	宁德市	106650473	12273033449	7517092	8315814009	1.03715E+13	4312543969	10223908528	1.14748E+13	5163929895
2001_2010	宁波市	1069128517	6736972317	205987547	1.95106E+11	4.8955E+12	94052929507	2.58085E+11	5.09378E+12	1.24705E+11
2001_2010	杭州市	1002621446	14878876242	488850602	2.23925E+11	9.91935E+12	1.83759E+11	2.9114E+11	1.10755E+13	2.32828E+11
2001_2010	苏州市	1619345558	3567596403	729747000	3.77563E+11	1.49997E+12	2.69663E+11	5.21975E+11	1.68631E+12	3.53695E+11
2001_2010	常州市	697073570	3138999468	262413996	1.71901E+11	1.60844E+12	1.07048E+11	2.34396E+11	1.62128E+12	1.2864E+11
2001_2010	巢湖市	151499006	8368560498	31768910	30330138894	4.11879E+12	11656753272	30320702890	4.35416E+12	14014348437
2001_2010	宿迁市	405527237	7487140893	94004351	62266628859	4.17102E+12	43028872512	73420443769	3.93573E+12	51047478606
2001_2010	枣庄市	641151916	3767663175	29069694	69610183655	1.62139E+12	10517163047	80840851795	1.67577E+12	12648792071
2001_2010	青岛市	1143170285	9114282099	93415826	1.52426E+11	4.83069E+12	38407226887	1.6416E+11	4.62347E+12	43822112011
2001_2010	滨州市	354485450	7615779482	101619985	17788968079	2.30091E+12	23053847634	24597120363	2.34014E+12	34494649944
2001_2010	扬州市	387267768	5513143798	126962764	58255947517	2.91941E+12	50014864168	69877823769	2.718E+12	60258865786
2001_2010	奎屯市	47210352	1541206680	0	0	2.46161E+11	0	0	1.7109E+11	0
2001_2010	桓仁满族自	19522862	3395872358	0	912295621	2.0349E+12	0	1192528431	2.51425E+12	0
2001_2010	天长市	25047272	1724017693	11542678	3616905290	9.44197E+11	5008190654	4264533994	8.24825E+11	5475449041
2001_2010	潜江市	53045238	1929694556	2148767	3074813612	1.01832E+12	855993875	2937456295	8.91834E+11	866175750
2001_2010	宜兰县	66780600	2245604209	1130317	15123605550	2.77108E+12	677770623	11958655776	2.34473E+12	617958938
2001_2010	金门县	13136873	85315724	297682	254863373	78076747632	148123558	265480818	79428401702	166658829
2001_2010	台中市	104903153	45293746	3140450	4020311544	49633869633	2235458220	4396616995	48007416313	2437843281
2001_2010	云林县	130181443	943398671	3876770	12649454692	8.37025E+11	2838143349	11620784750	7.33397E+11	2632647905
2001_2010	凤山县	277792546	2419365745	8948648	46457449321	3.33202E+12	6026841754	46542638118	3.34602E+12	6470241393
2001_2010	诏安县	25258690	79972184	0	1732249106	65125993396	0	1717520981	62447969727	0
2001_2010	中山市	500820466	824714668	162568944	91197922515	3.54937E+11	53548625873	85610128061	3.59798E+11	54510439033
2001_2010	北海市A	62933966	157660848	6037248	4911208903	92215810426	2857428867	5337177140	78796480215	3099649072
2001_2010	舟山市	33069399	317978145	6782442	7582052437	2.67966E+11	3353756472	8796323645	2.50985E+11	3841229353
2001_2010	喀什市	233202047	23419810334	0	0	3.97829E+12	0	0	3.39209E+12	0
2001_2010	那曲县	4038272	2.42788E+11	0	0	2.59664E+13	0	0	2.18852E+13	0
2001_2010	中甸县	18772144	23025009602	0	0	1.26749E+13	0	0	1.42045E+13	0
2001_2010	景洪市	41797101	19547546744	0	0	3.00322E+13	0	0	3.13929E+13	0
2001_2010	楚雄市	147561670	28712208313	224303	962357059	2.533E+13	142230859	1060233337	2.59565E+13	158403142
2001_2010	文山县	97898912	31028759937	6845903	3708949168	2.85419E+13	3513908800	5238309696	2.76879E+13	5142976694
2001_2010	凭祥市	96174953	19464860561	6709436	1981020005	1.67E+13	3070500389	2110785858	1.69773E+13	4097886251
2001_2010	玉林市	736575017	11821931766	12729903	5103974991	1.05637E+13	5941254080	5467927829	1.064E+13	7230473660
2001_2010	三亚市	43776751	1702315057	15530622	8420323899	1.83599E+12	10794268578	11442379633	2.00527E+12	14028373781
2001_2010	阳西县	93617222	7663281745	11195017	13535795130	7.11516E+12	5929926925	15123881773	7.2873E+12	7397386953
2001_2010	肇庆市	224301346	14729847497	26686615	15034041046	1.44503E+13	9439547257	15448307450	1.49694E+13	10745032659
2001_2010	六盘水市	60242729	9490143065	2009089	1267270840	6.67337E+12	734060490	1400501446	6.48922E+12	876040198
2001_2010	达川市	63560356	16456701054	17489152	9110542329	8.71429E+12	6325704356	9696293770	8.34005E+12	7422798810
2001_2010	泸州市	59693859	11888744986	25015546	2961241361	5.88506E+12	7140554893	3557868582	5.97861E+12	8432471035
2001_2010	资阳市	58616190	7820138680	20900008	5053208180	3.25057E+12	6249976462	4813840794	2.66013E+12	6373446163
2001_2010	雅安市	96414480	14881180715	8003075	7662117125	9.48449E+12	2521903173	13694454344	9.80783E+12	4045299310
2001_2010	玛沁县	18696009	74500440180	0	0	1.8604E+13	0	0	1.43324E+13	0
2001_2010	天水市	89675547	13640263555	821081	5466319463	7.19779E+12	326530538	5677464994	6.45246E+12	357330647
2001_2010	临夏市	110081204	7838976680	0	375401126	3.18307E+12	0	420623126	2.55724E+12	0
2001_2010	西宁市	343426167	7153167221	800714	2738586870	2.77516E+12	168031543	2964486346	2.40312E+12	206924347
2001_2010	酒泉市	213692846	10031790133	0	0	1.1628E+12	0	0	8.81527E+11	0
2001_2010	玛纳斯县	263653255	48704427607	1258713	3330766958	8.47934E+12	186491314	2500353270	6.68983E+12	186360591
2001_2010	伊宁市	303473753	48613981283	359866	43173693	2.11226E+13	97235894	30948948	1.95892E+13	79782375
2001_2010	武威市	174633528	16768936461	590685	551706257	4.56616E+12	160942160	560529156	3.96126E+12	167420789
2001_2010	吴忠市	147242450	25254219614	1573093	373707048	4.59202E+12	334673125	352448754	3.23044E+12	332428780
2001_2010	市辖区(石嘴	78658214	3223041766	3526389	1791976443	6.18586E+11	560752340	1460443785	4.95313E+11	426535466
2001_2010	临河市	121405157	29366500593	567642	24484327	3.90045E+12	45770934	32374563	3.48781E+12	77577855
2001_2010	集宁市	167964416	50182186193	0	239611170	1.04652E+13	0	220491384	8.1368E+12	0
2001_2010	忻州市	197800443	24820526172	5261179	13876428413	9.75286E+12	1585496863	12078236312	6.76125E+12	1540508447
2001_2010	延安市	35222712	36661745920	2413474	4008889395	1.7454E+13	787937218	2588821130	1.08488E+13	585686683
2001_2010	绵阳市	164206721	19966513991	112148991	17747492816	1.04919E+13	35122379900	18303112627	1.07472E+13	36196411965
2001_2010	十堰市	175427430	23548434678	10948968	55856342074	1.67106E+13	5434463186	56024607810	1.51431E+13	6051572761
2001_2010	宜昌市	182997943	20897047326	23173488	17955696239	1.48241E+13	9221501137	19721198457	1.42009E+13	11155540351
2001_2010	大庸市	23693465	9451653933	3046346	1182326123	6.68003E+12	1077476345	1315203293	6.30594E+12	1585309906
2001_2010	铜仁市	55713535	17686943454	3513732	1335360973	1.16917E+13	1491304425	1536507344	1.20903E+13	1847944294
2001_2010	娄底市	214316664	7781836516	11246802	3592478501	4.61492E+12	3781009553	4630199136	4.51622E+12	5109148919
2001_2010	岳阳市	197079920	13776108949	11535752	24161454254	7.73021E+12	3988572712	25374616676	7.58677E+12	4629695538
2001_2010	株州市	187991246	11255470213	12364401	10396854469	7.08154E+12	4545091578	12290744815	7.38627E+12	5920677094
2001_2010	永州市	144057572	22132434810	12058073	6577796787	1.39605E+13	4114709339	8065304679	1.55839E+13	5530077162
2001_2010	韶关市	238091217	18049631028	17394976	5018764636	1.58378E+13	6753524687	5629704537	1.72809E+13	10425449846
2001_2010	深圳市	947184892	832550700	38740599	1.07908E+11	7.80414E+11	19445486070	1.09155E+11	7.83264E+11	22742841399
2001_2010	海丰县	182203550	4474296497	1543746	7298041429	4.56242E+12	777341706	6961716409	4.60272E+12	927386059
2001_2010	汕头市	815016275	932171864	34763998	97341296693	7.75349E+11	22249539913	1.03805E+11	7.96157E+11	24247182514
2001_2010	龙岩市	172121278	18995393334	33771686	12922692820	1.78754E+13	16182776193	16162391638	2.03195E+13	23244947665
2001_2010	福州市	774512906	9899425148	80644967	1.89899E+11	8.87879E+12	44963794698	2.1207E+11	9.61527E+12	52276565892
2001_2010	临川市	162399326	17969336797	17621905	8974780893	1.06171E+13	5513295254	12469108173	1.28992E+13	9024484209
2001_2010	新余市	95159124	3030321830	12556187	13325085470	1.52003E+12	4131822238	21373290020	1.77161E+12	6435539267
2001_2010	黄山市	67870948	9543389381	22903236	12108624241	6.67188E+12	10011704874	16537627764	7.81919E+12	14307946567
2001_2010	安庆市	195743754	14247116064	31177046	24981588344	8.11196E+12	12247519947	33439696571	9.05412E+12	17094955360
2001_2010	武汉市	786972292	7016077844	85159542	86734021622	3.08733E+12	24573238354	1.06334E+11	3.08217E+12	30362975199
2001_2010	信阳市	243206597	18339978422	16032089	27236851839	1.00102E+13	6527884202	23987075774	8.05509E+12	6250694396
2001_2010	西安市	812869108	9302687892	65818365	1.01279E+11	5.82813E+12	22206901644	1.03346E+11	4.60047E+12	23267700868
2001_2010	运城市	1264457091	12917427000	19029665	67137966272	5.45806E+12	5614310535	55031337704	4.14317E+12	4745270125
2001_2010	平顶山市	554884708	7220541221	21538643	64780606152	3.68909E+12	7967667414	59094708455	3.15861E+12	7958477427
2001_2010	焦作市	579183219	3483418309	50696451	51682800619	1.36476E+12	16211271224	55475921441	1.26198E+12	18152901530
2001_2010	长治市	230447378	13449311060	13265933	24352865206	6.26647E+12	3921145648	22135388546	5.05207E+12	3876797216
2001_2010	周口市	529075857	11160612919	24909884	11550925137	5.34347E+12	9583283879	12020703273	4.97048E+12	10644024416
2001_2010	淮南市	275114216	1690751353	9097250	20365932407	8.32032E+11	3642583047	17137265079	7.17283E+11	3767766558
2001_2010	宿州市	324663083	9479786376	19203080	13878982338	4.99166E+12	7824376955	14636458040	4.64273E+12	8905821940
2001_2010	濮阳市	322579029	3545811203	10526047	7010871234	1.23803E+12	3240690340	6776348401	1.14776E+12	3250202882
2001_2010	邢台市	710746790	11722926104	53929438	66372168714	3.83378E+12	15051102780	61509064872	3.24171E+12	14861635399
2001_2010	沧州市	541726056	12807370263	24478366	29922728762	3.73318E+12	6400760392	26924068994	3.19428E+12	5977375695
2001_2010	北京市	3258986760	12858447522	118874528	3.27173E+11	4.9153E+12	34006403984	3.08064E+11	3.66211E+12	32476538388
2001_2010	秦皇岛市	381151619	7098278485	49356592	32595911488	3.23592E+12	14757131241	35971172028	3.09061E+12	17213957804
2001_2010	赤峰市	473266506	85819272524	11291779	2679992627	2.63382E+13	2082102537	2872148459	2.25455E+13	3304218349
2001_2010	锦州市	307146858	8923166629	1777134	13985228512	3.28422E+12	491501113	14516441159	3.24043E+12	570540638
2001_2010	辽阳市	436732459	4451268264	27489438	26514769454	1.91434E+12	8258508525	31100286267	2.15966E+12	11425556104
2001_2010	铁岭市	195646580	12809336341	11458861	5110907877	5.76573E+12	3226799239	5109788600	5.87742E+12	4147415365
2001_2010	乌兰浩特市	193896574	53082876331	514396	603248332	2.0424E+13	126146978	423741952	1.49497E+13	75684981
2001_2010	塔河县	166018641	63579382299	0	74487430	4.02271E+13	0	80973780	3.74044E+13	0
2001_2010	绥化市	312168819	33662454415	5506569	5088396225	1.35787E+13	1589805957	4213382086	1.10717E+13	1420202598
2001_2010	扶余市	184163055	20398878716	8466394	4335410738	6.67559E+12	2000690233	4169165517	5.072E+12	2165757639
2001_2010	吉林市	495221449	27383650887	13528194	24120202209	1.48435E+13	3984477145	24440409198	1.70619E+13	4965596121
2001_2010	佳木斯市	239030616	31706677981	1711416	3840899859	1.50391E+13	605165444	3420658827	1.39E+13	553224690
2001_2010	合山市	191139859	26213602136	12937304	3944807221	1.95098E+13	5515088215	4642639827	1.94989E+13	6571180505
2001_2010	都匀市	70265158	26251048958	2455295	2849677806	1.97572E+13	983096250	3478615961	2.04755E+13	1273135588
2001_2010	丽水市	109345375	16814844196	38573476	7087046744	1.29172E+13	15460545010	10160780028	1.50158E+13	26569620983
2001_2010	绍兴市	643817988	7228242565	154386799	84178280694	4.80491E+12	57853809018	1.04046E+11	5.0377E+12	70644727629
2001_2010	上海市	2273503677	2332014131	487351186	3.43311E+11	1.25898E+12	2.24689E+11	4.33913E+11	1.39717E+12	2.90217E+11
2001_2010	宜兴市	150370722	1441722598	56148821	35682570371	7.67166E+11	21602611852	42428126983	7.75424E+11	28478984310
2001_2010	马鞍山市	150514014	1281093372	58137786	32044866000	5.47903E+11	20968974174	41375798843	5.9367E+11	27260907472
2001_2010	泰州市	234328569	2813818764	128749228	29593821535	1.51948E+12	50992318001	40309353837	1.63634E+12	68755128979
2001_2010	盐城市	355212571	13885323577	97286554	28118739296	8.68634E+12	42522877053	34381173355	8.50737E+12	55595791329
2001_2010	临沂市	1076134684	15532951514	97162563	2.20135E+11	6.70359E+12	36570604879	2.77351E+11	7.03405E+12	47509149680
2001_2010	烟台市	799687960	12442917611	66688098	98996887743	6.69554E+12	26626776892	1.08817E+11	6.15391E+12	32703014628
2001_2010	济南市	473245979	7313899346	53742787	49375604444	2.49031E+12	14888827529	59905711747	2.48221E+12	18519537969
2001_2010	东营市	520309475	5024718380	35370491	23392229514	1.54172E+12	9062355826	26727293895	1.59542E+12	13035743089
2001_2010	大连市	604724212	10313854524	47723364	78931763221	5.17269E+12	19643906216	82002821342	5.31919E+12	23539444505
2001_2010	澳门A	1684345	3179656	18977	211584590	808197086	6152422	182632746	673805241	4624754
2001_2010	沙湾县	23623505	9788581238	0	0	1.81952E+12	0	0	1.57771E+12	0
2001_2010	霍林郭勒市	10156287	505289606	0	0	1.53719E+11	0	0	1.36831E+11	0
2001_2010	莱芜市	216064482	1868127814	17629956	42310019008	6.68722E+11	5316199178	52371035672	6.9952E+11	6790368359
2001_2010	济源市	105618841	1852772042	17142336	9689919598	6.99131E+11	5507259557	10398516818	6.58563E+11	6494244799
2001_2010	兴化市	69482934	2177536550	35779872	10902161824	1.11895E+12	14283515160	13991824534	1.12925E+12	17308853134
2001_2010	崇明県	42398605	785366071	6670678	2541746313	4.99512E+11	2951024908	2655093519	5.13937E+11	3768607331
2001_2010	岱山县	10356466	49669343	1721378	1552401711	31082389511	473169363	1432095552	28476557474	471019005
2001_2010	鄂州市	56949428	1218963127	9290351	9388203647	4.90264E+11	3165287620	11514645012	5.20777E+11	3936417186
2001_2010	仙桃市	37217420	2422527236	3440659	8121385890	1.08904E+12	1489396833	8717844426	1.02265E+12	1543951304
2001_2010	基隆市	28580955	97183446	0	1008097042	1.12878E+11	0	721410658	98309376294	0
2001_2010	桃园县	279977119	849224005	18751664	44447681229	1.03962E+12	13078024667	41418676137	9.34677E+11	12444763284
2001_2010	台中县	297885053	1695969139	24979536	50380869445	2.32756E+12	16631919494	49798046845	2.08026E+12	17214521746
2001_2010	台东县	28514941	3711050556	0	149453821	5.61324E+12	0	133000821	5.24776E+12	0
2001_2010	台南县	295933134	1577418802	10757893	65024329803	1.5719E+12	6732823942	62154619729	1.5169E+12	6736162236
2001_2010	东莞市	1204425676	728002744	126681516	1.81838E+11	5.27637E+11	54627725329	1.93784E+11	5.18982E+11	63042861593
2001_2010	阿瓦提县	246651967	29353496092	0	0	4.23206E+12	0	0	4.02687E+12	0
2001_2010	日喀则市	8713081	1.26693E+11	0	0	1.00249E+13	0	0	1.10968E+13	0
2001_2010	治多县	14746929	1.63216E+11	0	0	2.67465E+13	0	0	1.97928E+13	0
2001_2010	保山市	179197349	19380371887	7442725	2561278324	2.01803E+13	5324200928	2890303251	1.98066E+13	5974441963
2001_2010	思茅市	96995984	43813895159	2981761	4288148445	5.4499E+13	1724929672	4839706008	5.50371E+13	1982708337
2001_2010	林芝县	13492624	84958017325	0	0	3.65266E+13	0	0	4.19661E+13	0
2001_2010	丽江纳西族	66432926	20263086645	1332700	2946895245	1.6602E+13	626499762	4148272188	1.64203E+13	981951329
2001_2010	百色市	88160435	35793626765	16613264	11508843033	3.4308E+13	7454968400	13639160469	3.37669E+13	10267299145
2001_2010	钦州市	117382265	10350781181	12811231	5013405816	8.15147E+12	6103246484	5523868836	8.0199E+12	6888406318
2001_2010	江门市	402418770	8013452941	99793006	50183839812	6.33108E+12	43670434783	50613951466	6.19658E+12	46959728781
2001_2010	清远市	214751994	18506099471	34183732	10332386899	1.55093E+13	13419268063	11911370972	1.69268E+13	18474856129
2001_2010	梧州市	101443743	12599133130	17589292	5687125436	1.30782E+13	7053353642	6457521602	1.39715E+13	9468379753
2001_2010	凯里市	65115949	30039533337	4013293	2727025336	2.13538E+13	1405295078	3540886216	2.10595E+13	2100545623
2001_2010	贵阳市	201154130	7485802885	18026949	17341924248	4.80796E+12	5920781422	19778759719	4.93035E+12	9009416358
2001_2010	昭通市	131988192	22172512714	6542642	1717870549	1.42247E+13	2322564193	2271817497	1.43745E+13	3181756530
2001_2010	乐山市	150460745	12780501805	32737412	5487744996	6.3765E+12	8543004351	6578719964	6.71227E+12	10886969060
2001_2010	遂宁县	82559214	5219602007	25961850	11271484062	2.02977E+12	7530592728	11815420284	1.8083E+12	8566709098
2001_2010	共和县	64178276	37870010284	0	0	1.14536E+13	0	0	8.44833E+12	0
2001_2010	夏河县	40684897	36327219490	0	0	1.69372E+13	0	0	1.56476E+13	0
2001_2010	哈密市	96421876	10896915878	0	121942111	1.76617E+12	0	104658252	1.56921E+12	0
2001_2010	乌鲁木齐市	293403022	6084816391	0	5718329396	1.5081E+12	0	4157725655	1.22991E+12	0
2001_2010	阿勒泰市	159961806	81802206006	0	0	1.69941E+13	0	0	1.55795E+13	0
2001_2010	博乐市	65422723	17644530666	0	0	4.38264E+12	0	0	3.8785E+12	0
2001_2010	兰州市	452944385	12315920607	1811329	2119505004	2.73563E+12	362279067	2226059691	2.31267E+12	441823539
2001_2010	东胜市	85605687	73305569762	3035151	93697963	1.2266E+13	400456893	80576605	8.50309E+12	422201034
2001_2010	朔州市	159684168	10781410148	579282	4182310604	3.34217E+12	132197420	3446818159	2.10837E+12	121054927
2001_2010	西峰市	24840045	26988228372	0	1654046950	1.11189E+13	0	1597980756	6.64021E+12	0
2001_2010	宝鸡市	256849250	18058157510	9673363	39455851133	1.2282E+13	4172019363	37296428563	9.91058E+12	4309931564
2001_2010	广元市	65562904	15931897700	2538628	5512433677	9.57104E+12	861598699	5248745116	8.488E+12	819131899
2001_2010	成都市	903068025	10608783302	557808547	79916668255	4.76857E+12	1.6654E+11	97087182971	4.82534E+12	1.96185E+11
2001_2010	安康市	91167539	22889179439	12794208	26615699065	1.56539E+13	5965513352	28586103302	1.37207E+13	6549154144
2001_2010	吉首市	48040987	15527826802	3702186	2790291506	1.05239E+13	1392032138	3195323581	1.02002E+13	1631212928
2001_2010	常德市	168730465	18059748752	10000878	10126882778	1.01383E+13	3585771490	11167432318	9.46491E+12	3964963683
2001_2010	荆门市	218811499	11841999484	7896050	19635058334	6.82673E+12	3106135528	18698269030	5.91732E+12	3490751453
2001_2010	长沙市	484553731	10901605369	57508925	67330237598	6.43582E+12	19300376652	98573365605	6.47095E+12	27095647097
2001_2010	邵阳市	289274742	20195961627	7981832	2503922075	1.28709E+13	3091335893	3043453075	1.27817E+13	3879085779
2001_2010	河源市	104236065	15066248780	28472986	10142599886	1.6625E+13	12202814083	11507574230	1.77207E+13	16084532479
2001_2010	潮州市	379101875	2574559745	46005244	28413505210	2.94432E+12	27934202281	32470479540	3.06412E+12	32629192701
2001_2010	泉州市	1358070469	9164296976	107067705	1.62694E+11	9.06911E+12	65117536182	1.84231E+11	9.40088E+12	76609278905
2001_2010	南平市	125980162	25813323050	2433189	2143871595	1.66848E+13	1091566198	2533953763	2.12311E+13	1478818697
2001_2010	吉安市	167401527	24407129846	13079046	18645094537	1.48462E+13	4559284183	22045220004	1.6492E+13	5798394289
2001_2010	九江市	244260334	16979807243	33883335	24957923537	9.99925E+12	9461441381	35931200371	1.12709E+13	15240340673
2001_2010	景德镇市	117667604	5113009061	8269064	11485950304	2.99975E+12	2974026319	13352684490	3.57236E+12	4126354358
2001_2010	铜陵市	73111431	904448037	17950455	6568120676	4.21635E+11	5149657139	8990340158	4.66763E+11	7841237972
2001_2010	渭南市	672822857	12087490695	10062473	24667884881	5.63732E+12	3462707868	19600177981	4.02362E+12	3194791022
2001_2010	漯河市	401240544	2167665172	9746909	7331107789	1.05589E+12	3788650907	7913590361	9.796E+11	4058955186
2001_2010	榆次市	555654309	15784328266	7355324	92789733610	6.8664E+12	2144667347	83968745888	5.32829E+12	1917687876
2001_2010	安阳市	710536684	6519441878	89495025	65252706156	2.35912E+12	28732817967	69246096722	2.16513E+12	31230835401
2001_2010	开封市	365286185	5590846137	13528282	14927556925	2.20874E+12	4418256332	15170386317	2.13183E+12	4541519966
2001_2010	亳州市	222097574	8629450054	14146527	8464307799	4.50029E+12	5616821432	9060450496	3.9025E+12	6183532584
2001_2010	衡水市	565600202	8004882249	19142114	20694348353	2.36278E+12	5231829780	19061371455	2.0253E+12	4734734958
2001_2010	廊坊市	330660351	4617168173	25407168	15310381852	1.2077E+12	5163827570	14569261232	1.01851E+12	5204224848
2001_2010	张家口市	401629286	36568099890	5118603	19939221842	1.44415E+13	1489042365	16697108431	9.99724E+12	1108699639
2001_2010	唐山市	1256499247	10416390012	194545384	1.32468E+11	3.77106E+12	52692044761	1.53407E+11	3.56857E+12	63860518904
2001_2010	朝阳市	155855586	20518529144	13311255	11296904055	7.90669E+12	3760074213	11166858283	6.82711E+12	4398611911
2001_2010	丹东市	159583157	13757997876	2771594	3438603053	7.67072E+12	821668572	3972565576	8.8193E+12	1109548060
2001_2010	盘锦市	257530519	2573718920	17866014	18497579011	8.72413E+11	4884052248	20843652126	9.58958E+11	6235970621
2001_2010	沈阳市	885882420	11675983944	78615257	53416762678	4.22615E+12	24802801812	59149389227	4.24007E+12	29019423795
2001_2010	大庆市	454797624	19453495023	10306150	13860756395	5.80168E+12	2231308834	9808651477	4.22234E+12	1691448939
2001_2010	辽源市	97006706	5042438347	3666666	1893088938	2.31782E+12	1138190164	2072071320	2.61517E+12	1475430749
2001_2010	长春市	689725530	19430140019	69707362	27223808205	7.52705E+12	21110976164	28870559585	6.38374E+12	23147693386
2001_2010	浑江市	150098736	17183788268	2597581	4286917693	1.06931E+13	912627596	4853154094	1.30754E+13	1125727574
2001_2010	伊春市	187200273	32605592223	2704100	3814391879	1.90195E+13	1060402422	3062124688	1.84259E+13	1030211945
2001_2010	双鸭山市	185011510	21251935694	1888122	1211186273	1.13484E+13	607815131	1059363834	1.11254E+13	595531856
2001_2010	海拉尔市	918270576	2.51273E+11	1306790	1785160412	1.2572E+14	316350901	1068136111	9.8338E+13	325006964
2001_2010	温州市	640928160	10105835793	98685238	84813117299	8.25464E+12	43709330661	1.10284E+11	8.80711E+12	53840071605
2001_2010	金华市	629541967	10177987999	147327695	45374620956	6.67699E+12	52889823292	65175780190	7.3797E+12	78253474221
2001_2010	宣州市	88848964	11773099612	26542178	16206247769	7.6423E+12	10970897366	20073108450	8.09522E+12	14113592340
2001_2010	嘉兴市	383113579	3252553502	240994218	80811037235	1.71311E+12	97223547435	1.09864E+11	1.93692E+12	1.33054E+11
2001_2010	无锡市	836585543	1015311714	321237497	2.12082E+11	4.98198E+11	1.35484E+11	2.86346E+11	5.29838E+11	1.70594E+11
2001_2010	镇江市	267442378	2974567600	148237266	56860980346	1.59836E+12	58325167797	74934394983	1.62386E+12	76427301634
2001_2010	六安市	152396866	18235312964	20367152	23428730463	1.00688E+13	8014979526	24841760072	9.50224E+12	8853127860
2001_2010	滁州市	230479906	11174469616	38619983	30474742870	6.05502E+12	15914358359	32725259953	5.4327E+12	18221565501
2001_2010	济宁市	711179809	10286908386	90770525	76051436691	3.77365E+12	27638502058	97502172647	4.26319E+12	39259149414
2001_2010	连云港市	343470225	6658769239	56582561	55497800256	3.72595E+12	23394746423	62306729160	3.60867E+12	29052593660
2001_2010	潍坊市	928089632	13768934971	117419754	47639113823	5.78782E+12	36871148573	63188111969	6.21765E+12	50589066498
2001_2010	昆明市	870831889	19349700981	27542459	14082222708	1.55236E+13	14048230479	18786248647	1.53966E+13	17693644225
2001_2010	张掖市	133750186	25200278048	0	0	6.45673E+12	0	0	4.70545E+12	0
2001_2010	南阳市	884628758	25973043816	24440937	60735807920	1.53856E+13	10704057349	56106610747	1.2217E+13	10386308331
2001_2010	牡丹江市	395361769	38535638566	2498829	11931489969	2.39199E+13	775875681	11968624214	2.73126E+13	1027361079
2001_2010	石河子市	41424649	440043874	178883	771939960	1.00114E+11	37869699	568755540	80861474366	24381861
2001_2010	清河门区	5957160	138521149	372758	221454780	48721772439	96768082	176482168	44444310016	86964536
2001_2010	嘉峪关市	26135596	333385529	0	0	56014384949	0	0	41673295539	0
2001_2010	嵊泗县	510819	13906921	214256	44899991	7037115177	88895080	36559789	5893768192	84695650
2001_2010	天门市	78877629	2757178778	5145997	4181387148	1.40657E+12	2052830210	4228196819	1.28969E+12	2303181633
2001_2010	萍乡市	55365713	2776832615	17427288	5706430464	1.69142E+12	6552244776	6492868168	1.73867E+12	9336248501
2001_2010	平潭县	51951275	104701154	7056178	25727546519	67413017551	4717456566	24985626025	64608960506	4624766282
2001_2010	台北县	195084964	1920689673	1578930	19326358402	2.39552E+12	1077670257	16737163516	2.08073E+12	947848914
2001_2010	苗栗县	82559096	1565572842	3343671	6382725490	2.45442E+12	2751837078	5724597367	2.19557E+12	2720803810
2001_2010	莲花县A	49349037	4626611552	1656194	4684114076	6.5967E+12	781692772	3464546408	5.7423E+12	548882156
2001_2010	彰化县	202604662	799187467	30936880	41439692216	6.314E+11	18523018912	39233469936	5.7622E+11	17786453267
2001_2010	嘉义县	116425735	1746816608	4108151	16351036427	2.3027E+12	3110788947	14851320669	2.19065E+12	2881301355
2001_2010	南澳县	3649816	83397687	0	0	90588112209	0	0	91895307066	0
2001_2010	高雄市	150469743	23939295	229580	2419802863	18465228675	133983134	2317353491	18208874919	130011392
2001_2010	珠海市	115525429	226878675	9006147	14302150287	1.35113E+11	4273936501	13798772549	1.288E+11	4432225121
2001_2010	阿图什市	26126156	16874493586	0	0	2.31013E+12	0	0	1.97228E+12	0
2001_2010	和田市	49520270	13435409809	0	0	1.99515E+12	0	0	1.46286E+12	0
2001_2010	怒江傈傈族	4422594	13470096199	0	0	9.14488E+12	0	0	1.0142E+13	0
2001_2010	潞西市	106387582	11351471433	9077077	10376948350	1.5318E+13	6009494557	11739588630	1.48886E+13	6646074414
2001_2010	临沧县	88284632	23323126119	3639936	6630749676	2.67653E+13	2489208472	6375891171	2.49E+13	2746062873
2001_2010	拉萨市	29008614	24610759002	0	0	4.43399E+12	0	0	4.36716E+12	0
2001_2010	攀枝花市	80367800	7134141251	1336538	2995013457	5.30523E+12	533030884	3733587553	5.39168E+12	746857337
2001_2010	南宁市	303456012	9674214049	50200961	26550932896	7.22685E+12	21889629583	33061271278	7.29181E+12	27045762085
2001_2010	湛江市	287393100	11220176055	15866584	16069440498	7.62771E+12	8044151783	16014788141	7.06203E+12	9114019326
2001_2010	广州市	1432994583	5286648930	162342751	1.19466E+11	4.44669E+12	66023801017	1.25139E+11	4.60644E+12	76970260734
2001_2010	贺州市	110558363	11353204441	12239749	6066436438	9.50715E+12	5533015127	7574777990	1.08368E+13	6945227511
2001_2010	河池市	77250475	32422893350	8379470	10125474935	2.64626E+13	3948313658	11777813591	2.70532E+13	4327063312
2001_2010	安顺市	85218985	8975400242	669992	672337755	5.90973E+12	250821199	876207865	6.45156E+12	321552282
2001_2010	曲靖市	307357940	28389377594	4496800	1739445307	2.16382E+13	1837873751	2378329788	2.05077E+13	2770864437
2001_2010	宜宾市	68963776	13098311773	14439185	4199387448	5.8832E+12	4073623794	4789034493	5.6934E+12	4739714012
2001_2010	内江市	91743347	5333670507	15818897	6852220272	2.13254E+12	4977857994	7055150188	1.87769E+12	4833987526
2001_2010	遵义市	93716641	30776571972	16598567	6753521112	1.78896E+13	5918087253	8172389397	1.9099E+13	7608575157
2001_2010	华蓥市	48995359	6239867253	19119358	5195986764	2.50167E+12	6097470174	5953011244	2.45744E+12	6963157942
2001_2010	康定县	23233524	1.40809E+11	0	0	5.1262E+13	0	0	4.53155E+13	0
2001_2010	成县	47900398	28083732549	1662787	3059543084	1.71188E+13	612548858	2971558775	1.63365E+13	715385430
2001_2010	平安县	158496489	12749289672	401987	658746113	4.99495E+12	115008611	584684876	3.97314E+12	87512546
2001_2010	金昌市	72331394	4390738544	1173187	1118362188	1.00546E+12	142282879	895503775	7.10888E+11	144904035
2001_2010	乌兰县	106501899	72192037719	0	0	9.88187E+12	0	0	6.18651E+12	0
2001_2010	叶鲁番市	166271852	4568722253	0	0	5.59959E+11	0	0	4.47174E+11	0
2001_2010	银川市	129519871	3163380972	14656836	4609751920	8.29538E+11	2967261198	4125695713	6.8073E+11	3071724329
2001_2010	烏海市	80034053	561731899	0	318344658	60916748548	0	267701618	48589880915	0
2001_2010	包头市	423209022	27089791422	13839411	12185058708	3.72379E+12	1919950511	14533460831	3.38744E+12	2371855146
2001_2010	大同市	453409343	13687870547	6102212	27843668917	4.58031E+12	1192146900	22433598275	3.11458E+12	827516032
2001_2010	榆林市	133141870	43720812279	592617	433449069	1.09686E+13	97613672	234211431	6.21798E+12	89472520
2001_2010	平凉市	228197867	29932714413	2204988	1463580789	9.14596E+12	265203344	1253079422	6.97431E+12	258127250
2001_2010	巴中县	30687696	12069386008	4862828	3377908191	6.58196E+12	2036119421	3159356778	6.23926E+12	1950434060
2001_2010	德阳市	174753433	5682534385	149863253	16252656179	2.36406E+12	49096269540	15593942817	2.24048E+12	48739882652
2001_2010	恩施市	42032405	24598573777	11207122	2739847056	1.75692E+13	5071560706	3290245427	1.73683E+13	6406530299
2001_2010	怀化市	223002924	27044698447	24291638	7052878009	1.7466E+13	9239834133	9472453229	1.6889E+13	11943628962
2001_2010	湘潭市	142655441	4685163338	18707475	20429366534	2.6349E+12	6556375800	24922704503	2.56596E+12	7844557811
2001_2010	云浮市	118365152	7355612109	7335837	3936647498	7.6198E+12	3213713260	4054529364	7.27094E+12	3738323979
2001_2010	梅州市	205587579	15350030629	15886249	18202890497	1.70348E+13	8303017167	18991817103	1.7871E+13	10284672020
2001_2010	厦门市	425435649	1091270437	39011742	63257204538	1.19315E+12	23886064082	84804827099	1.25949E+12	29808186008
2001_2010	三明市	117416372	22654694212	36631016	10033036670	1.56407E+13	14047362535	11220001480	1.88562E+13	22021030968
2001_2010	鹰潭市	97606583	3413142002	6362390	17568830080	1.92946E+12	2440967783	21404552265	2.27198E+12	3019948515
2001_2010	郴州市	139371346	19312229562	27572634	7646700771	1.30175E+13	10612443465	9755622526	1.44515E+13	14723324466
2001_2010	南昌市	381675075	6063460946	71062233	60886063629	2.58936E+12	19859301273	84150842736	2.9016E+12	27450765794
2001_2010	贵池市	48772916	8072216256	15272250	5823431513	4.90849E+12	4918627388	7807375129	5.62322E+12	7594267938
2001_2010	咸宁市	133899765	9440661754	7784604	15391107265	5.75623E+12	2941523832	17896693083	5.86138E+12	4049975994
2001_2010	麻城市	296934285	16480075976	31833644	40246444161	9.65301E+12	8563606115	46674508720	9.79073E+12	11449025121
2001_2010	随州市	122116556	9240891832	4028792	12920067696	5.49975E+12	1549315857	12349628721	4.67083E+12	1679264843
2001_2010	驻马店市	436890486	14513212120	17153215	20578483334	7.88861E+12	7143356481	18642191549	6.31592E+12	6801678962
2001_2010	商州市	30047833	19440220337	4975348	5845009449	1.34765E+13	2500686767	6202921613	1.07404E+13	2559346594
2001_2010	铜川市	59786201	3803354017	980256	7998513436	2.13176E+12	308498463	5240798326	1.46075E+12	230007734
2001_2010	洛阳市	459674255	14411481276	44402095	44822456080	8.00668E+12	13869407760	55439593954	6.93042E+12	19198261999
2001_2010	许昌市	360740863	4781481329	20892488	10308589811	2.17402E+12	7158143989	11444177533	2.01482E+12	8392007183
2001_2010	临汾市	866950322	19427963866	35028448	1.51394E+11	8.51636E+12	11660616147	1.09903E+11	5.83194E+12	9084993197
2001_2010	太原市	758860675	6266371110	10271684	1.09429E+11	2.51341E+12	2657608798	98691971430	1.82569E+12	2110676632
2001_2010	邯郸市	1472699535	10712289213	64137098	1.79049E+11	3.64897E+12	18268285438	1.68135E+11	3.2076E+12	18656193492
2001_2010	新乡市	697257333	7649895701	70746058	59041938550	2.68962E+12	21174250503	61516866562	2.46225E+12	23653965179
2001_2010	蚌埠市	281870626	5267327132	20190529	31470184666	2.81436E+12	8670806486	32298207923	2.35005E+12	8624362769
2001_2010	商丘市	401012295	9995016968	28463054	15420837907	4.72833E+12	10703478901	18976201230	4.77006E+12	13234295047
2001_2010	石家庄市	1470540005	12568128045	107611763	1.26882E+11	3.993E+12	28680635673	1.2194E+11	3.52046E+12	29602519061
2001_2010	德州市	391216666	10298793248	41377461	21271703804	3.37738E+12	10747898439	21568010202	3.06148E+12	11870092967
2001_2010	天津市	2201125868	8356587452	132713279	2.75772E+11	2.58688E+12	31394594948	2.45041E+11	2.1241E+12	30518299116
2001_2010	承德市	123724077	39293611419	24555964	12267842489	1.94363E+13	7989932441	12393544370	1.5593E+13	9160369003
2001_2010	营口市	383528939	4570125497	36101131	40630492243	2.13529E+12	11414190723	49044265945	2.31913E+12	15730442033
2001_2010	本溪市	181627409	4510238972	14968083	13209725630	2.53997E+12	4908073496	16773566211	2.94607E+12	7265575162
2001_2010	通辽市	236798328	58122007132	6693526	1018676586	1.68345E+13	1363161272	899088044	1.2952E+13	1328350790
2001_2010	齐齐哈尔市	373748488	41610654113	6554387	11750810867	1.45813E+13	1595121295	8456951432	1.08179E+13	1459761049
2001_2010	通化市	191013492	15476266176	3152981	8964835338	8.84932E+12	1147078189	10602285391	1.0729E+13	1507903710
2001_2010	鹤岗市	156084268	14231892240	3555796	3566703578	7.59067E+12	1216746735	3162642253	6.87702E+12	1277554224
2001_2010	七台河市	158183184	5809162830	2440814	877555956	3.05727E+12	792665722	786426173	3.07049E+12	873270832
2001_2010	贵港市	234998590	10459355271	14643470	4299527958	7.92087E+12	5885739121	4371977414	8.48277E+12	6849473674
2001_2010	台州市	447948963	8003408784	163707619	74559474796	6.199E+12	78022612465	91778341967	6.73541E+12	98894721248
2001_2010	衢州市	186216409	8937482878	53197404	7627010357	6.04597E+12	18988544635	10341623303	7.02653E+12	28867244986
2001_2010	湖州市	238223100	5528585699	115663599	45544254226	3.26295E+12	42586556545	59820552338	3.48142E+12	58509838442
2001_2010	南京市	831647295	5404920147	173288113	1.90019E+11	2.68193E+12	63546590818	2.37425E+11	2.7207E+12	83308877868
2001_2010	芜湖市	166055584	3006937827	61394228	31721756030	1.5546E+12	21329901566	39366093842	1.67758E+12	27977539780
2001_2010	合肥市	455639111	6651482942	78839624	85957681810	3.31064E+12	28668975958	1.18796E+11	3.25058E+12	37541182168
2001_2010	南通	358900527	7569573528	200160406	60330548333	4.64566E+12	88062335009	83917961245	5.16869E+12	1.20009E+11
2001_2010	淮阴市	472160878	7762837887	39551584	30874427672	4.43517E+12	17658043528	33764991324	4.00762E+12	19856197135
2001_2010	徐州市	850561758	10085677932	101939098	1.26975E+11	5.05056E+12	37838744225	1.45124E+11	5.03186E+12	47624799382
2001_2010	日照市	169495178	4842458556	39263990	17080864069	2.33504E+12	15375374447	23148629294	2.39174E+12	21256268510
2001_2010	威海市	146454976	4791548335	19241302	22911590797	3.0111E+12	8208188149	23138604316	2.83853E+12	9279516223
2001_2010	淄博市	853752919	5140178905	70123654	97655065363	1.89239E+12	19329923074	1.16071E+11	1.97515E+12	25022059293
2001_2010	泰安市	452260922	7183424909	28342006	60242404553	2.66947E+12	7973938787	68494496076	2.76134E+12	9867594025
2001_2010	玉溪市	418169286	13813868784	20184239	8322675159	1.27041E+13	13816315822	9238066054	1.31565E+13	16233910364
2001_2010	塔城市	406586900	52312102321	0	0	1.19736E+13	0	0	1.02486E+13	0
2001_2010	牡丹江市	322585037	43116338557	3658317	7962031179	2.87044E+13	1267603694	8626380586	3.35886E+13	1486937289
