yr_to_yr	city_name	both_urban_area	both_nonUrban_area	Y1nonUrban_Y2urban_area	both_urban_npp_y2	both_nonUrban_npp_y2	Y1nonUrban_Y2urban_npp_y2	both_urban_npp_y1	both_nonUrban_npp_y1	Y1nonUrban_Y2urban_npp_y1
2001_2019	克拉玛依市	27106013.00	2217161823.00	0.00	0.00	131475295890.00	0.00	0.00	127134741851.00	0.00
2001_2019	莲花县	13946175.00	1097907740.00	2437772.00	0.00	778966118324.00	1022316941.00	0.00	739412675771.00	1117563736.00
2001_2019	台北市	192757556.00	67797923.00	225384.00	4215593091.00	79581930042.00	202846401.00	3024563842.00	64873463602.00	146860794.00
2001_2019	新竹县	119566873.00	1211387491.00	9108387.00	12882648779.00	1845248992530.00	7266586867.00	11733208918.00	1598185049220.00	6781592198.00
2001_2019	南投县	79044948.00	3664047824.00	1137601.00	1542449463.00	5795646389041.00	966075524.00	1366155951.00	5278005560351.00	911653116.00
2001_2019	台南市	78654723.00	30404340.00	1272414.00	8121370084.00	11988970903.00	661683394.00	5978037545.00	7712443279.00	511305815.00
2001_2019	屏东县	126334790.00	2618009538.00	7121023.00	7214667270.00	3433271962957.00	4521608783.00	6792445462.00	3379500140736.00	4510272368.00
2001_2019	澳门	22014863.00	439245062.00	10236043.00	5568798368.00	195779866173.00	4284708998.00	5182311217.00	180259012563.00	4936089812.00
2001_2019	北海市	44076286.00	2746065458.00	10297543.00	193056529.00	1934821962125.00	4884612170.00	229818663.00	1677052051950.00	5844498473.00
2001_2019	玉环县	35412528.00	193937331.00	12500704.00	7513105576.00	155788385822.00	7085194273.00	7926009951.00	127897685599.00	7549749325.00
2001_2019	香港	190126293.00	668580584.00	3680802.00	12547480605.00	581232992053.00	2333368953.00	11598708896.00	636951000053.00	2340249877.00
2001_2019	噶尔县	2089928.00	73687430766.00	0.00	0.00	3974278433872.00	0.00	0.00	4052927008159.00	0.00
2001_2019	云龙县	218531033.00	27824274568.00	20644926.00	6107248014.00	32365507174935.00	14047618275.00	6613187536.00	25754871035440.00	16237450033.00
2001_2019	泽当	11037917.00	66304158126.00	0.00	0.00	38002924176635.00	0.00	0.00	35378061678483.00	0.00
2001_2019	昌都	21265232.00	93782852001.00	0.00	0.00	26138242557642.00	0.00	0.00	21251227561885.00	0.00
2001_2019	西昌市	176196127.00	59486651577.00	3963220.00	1194095049.00	51381978246525.00	1874970030.00	1185731228.00	41814397052273.00	2313516857.00
2001_2019	个旧市	356340155.00	32664933692.00	25521968.00	5228148312.00	41300525892502.00	17587595459.00	5120834993.00	32575352246960.00	17192400242.00
2001_2019	防城港市	20055594.00	5705899996.00	2174746.00	617052129.00	5766829595419.00	992717687.00	570925231.00	5802912074463.00	1328047955.00
2001_2019	马山县	197003168.00	9834134045.00	14645794.00	1755122700.00	7503467263652.00	6205505139.00	1827531901.00	7354621499575.00	7415819520.00
2001_2019	海口市	290906177.00	30911439983.00	115022754.00	40898313923.00	34497352232879.00	70329473818.00	40250514552.00	31738936254212.00	77235520430.00
2001_2019	茂名市	239724890.00	10986877310.00	20342060.00	10497220264.00	9746148659522.00	11221856008.00	9920187378.00	9504882085187.00	11381077969.00
2001_2019	桂林市	236674449.00	26924331887.00	46172682.00	15606618295.00	20769477021683.00	21979092064.00	17184605180.00	20153014806905.00	26196527957.00
2001_2019	柳州市	215075007.00	5108177664.00	36842765.00	12608551375.00	3700977786444.00	15329660639.00	13619193564.00	3474656953464.00	18335043615.00
2001_2019	兴义市	53617721.00	17447233743.00	9685791.00	393767005.00	16992289817353.00	4809419957.00	481132955.00	14043134633618.00	6324632864.00
2001_2019	毕节市	63488666.00	26375889091.00	2218108.00	847472540.00	21881574596297.00	971138360.00	830302958.00	16533578755822.00	1167307211.00
2001_2019	自贡市	82315061.00	4273563635.00	44316045.00	5812561283.00	2548847467583.00	16047805708.00	4223249125.00	1540789036021.00	14177663711.00
2001_2019	仁寿县	82877216.00	7181014820.00	99835641.00	8359227123.00	4722652785736.00	38995317649.00	6796309611.00	3206083524904.00	33977816027.00
2001_2019	同仁县	16903081.00	17931055793.00	0.00	0.00	7032430987938.00	0.00	0.00	6026013709497.00	0.00
2001_2019	定西县	84905963.00	19609847579.00	1838919.00	784076282.00	10437579072798.00	464846004.00	968256944.00	6668354189624.00	687097851.00
2001_2019	门源回族自	67031802.00	30424849682.00	0.00	0.00	9852708122623.00	0.00	0.00	7511484944396.00	0.00
2001_2019	库尔勒市	278213153.00	45452145899.00	0.00	0.00	10554778381256.00	0.00	0.00	8187031728667.00	0.00
2001_2019	阿拉善左旗	53898309.00	7001484263.00	0.00	0.00	893655919921.00	0.00	0.00	498570968330.00	0.00
2001_2019	呼和浩特市	221343574.00	16618472832.00	46890401.00	9749229520.00	6521214178953.00	14169356857.00	7123776815.00	2921725370024.00	11335128621.00
2001_2019	固原县	66263517.00	15932598613.00	0.00	0.00	7079335822027.00	0.00	0.00	3499967342068.00	0.00
2001_2019	汉中市	92071048.00	26835609141.00	14409531.00	4571529807.00	19159905886852.00	5591596822.00	4465464395.00	14887883106462.00	5689284703.00
2001_2019	南充县	138535988.00	12222347948.00	63876887.00	21472927747.00	6617238776601.00	21747845461.00	20288277809.00	4631381005722.00	21379107030.00
2001_2019	马尔康县	19162259.00	80840204457.00	0.00	0.00	42158001333684.00	0.00	0.00	35445583224217.00	0.00
2001_2019	襄樊市	516352670.00	18466922526.00	56942726.00	53802402312.00	10398328696809.00	21566073307.00	55040717620.00	10286866135075.00	23405777176.00
2001_2019	重庆市	878736227.00	79413432168.00	730611889.00	104019118761.00	54205395521578.00	266683870830.00	104184618672.00	43473273308057.00	276622456054.00
2001_2019	益阳市	130005474.00	11201751390.00	19107439.00	8539182864.00	6491376238213.00	7897449050.00	8464755119.00	5703532691163.00	7956434410.00
2001_2019	沙市市	243924612.00	12621295500.00	76551167.00	24897201318.00	5320066651834.00	29389150430.00	23796425840.00	5452730546751.00	31621976534.00
2001_2019	衡阳市	190908196.00	14579569460.00	65560804.00	10015541098.00	9390402615349.00	25008386245.00	10386603837.00	8201358762359.00	28896994739.00
2001_2019	惠州市	556191420.00	10500918985.00	158328912.00	75181016364.00	11273997377959.00	69779862697.00	86339263546.00	11428972124080.00	89369065183.00
2001_2019	佛山市	1243863686.00	1948156680.00	271588046.00	164510876741.00	1184499779340.00	87746331164.00	153802890642.00	1146618580305.00	89208676550.00
2001_2019	揭阳县	782670928.00	4440019759.00	87753469.00	62280793463.00	5035675419337.00	58728999274.00	68090085816.00	4660030513445.00	62846564824.00
2001_2019	漳州市	560595351.00	11802575516.00	124762979.00	52724517782.00	14913753338581.00	81378398281.00	57112549008.00	13741037342668.00	94274920516.00
2001_2019	莆田市	527460669.00	3145157129.00	99234926.00	132057197216.00	4087020485787.00	69424794833.00	133138731595.00	3597473996666.00	72574919732.00
2001_2019	赣州市	266604554.00	38998391669.00	150020931.00	26234341430.00	33550111162924.00	65970511372.00	34417122471.00	33398946259329.00	87114374755.00
2001_2019	宜春市	232785868.00	18706422015.00	100363030.00	36162286355.00	12742147465818.00	41837542577.00	39904257617.00	12033804361916.00	50219710818.00
2001_2019	上饶市	250912366.00	21203095590.00	66435027.00	30850956622.00	15402548732055.00	29130513158.00	34261078504.00	14644071098668.00	36825747358.00
2001_2019	黄石市	158268637.00	3823999138.00	41880447.00	38351987919.00	2369867073398.00	17574806981.00	35945108470.00	2235427902487.00	19731577796.00
2001_2019	咸阳市	304050118.00	10072213735.00	38036696.00	20931665443.00	5937473720903.00	14606887449.00	17558071930.00	3764920163840.00	13476793788.00
2001_2019	三门峡市	171606644.00	9595197464.00	14160363.00	14359845647.00	5594219685846.00	5265907103.00	11618437396.00	4177515880444.00	5654744692.00
2001_2019	郑州市	875909751.00	6179832219.00	190283263.00	83328442699.00	2264734806533.00	50656309884.00	94497403755.00	2179834314255.00	63536663730.00
2001_2019	晋城市	288336608.00	9107220131.00	24345787.00	38093735024.00	4347983988838.00	9288605646.00	27369101196.00	3429759858326.00	7966245611.00
2001_2019	离石县	454124083.00	20581307511.00	49764605.00	82417420667.00	10190667478067.00	15478477613.00	65060769965.00	5390028261626.00	11136397967.00
2001_2019	鹤壁市	158842674.00	2060419877.00	50566511.00	15132682799.00	739229277957.00	14325163660.00	14028305100.00	630366389357.00	16339279730.00
2001_2019	阜阳市	236307370.00	9950925570.00	84561924.00	17669541281.00	4799350679185.00	26830517909.00	23946964045.00	4375623500270.00	36227327853.00
2001_2019	淮北市	212821117.00	2428665222.00	38716472.00	29659820484.00	1205206377009.00	14678281150.00	29520494082.00	1149342261584.00	16585459984.00
2001_2019	菏泽市	884613135.00	11356452104.00	99274551.00	21167999096.00	4573782660311.00	29334597793.00	28646404125.00	4572148397635.00	38226356316.00
2001_2019	聊城市	501041968.00	8071647120.00	103298856.00	24832366582.00	2960726434113.00	30411286963.00	25022453337.00	2463175439214.00	31406196215.00
2001_2019	阳泉市	183093717.00	4309623973.00	5318880.00	26372086637.00	1942355309466.00	1779180703.00	18674020130.00	1397352421620.00	1275943888.00
2001_2019	保定市	1897294124.00	20065377576.00	223790916.00	78638668831.00	7674267583628.00	61823860406.00	66977554524.00	5638953819145.00	54404566606.00
2001_2019	香河县	153710276.00	1108525304.00	44645948.00	15318599675.00	404614971549.00	13031722095.00	13162672839.00	314730998923.00	11855156598.00
2001_2019	葫芦岛市	252314128.00	9412118335.00	16513260.00	16467168522.00	4930688966772.00	6984555901.00	13580740431.00	3974612180469.00	6367918752.00
2001_2019	阜新市	159811692.00	10426146981.00	16893221.00	6681533730.00	4461463947807.00	5703758875.00	4771218881.00	3229341887285.00	4929630972.00
2001_2019	鞍山市	460393233.00	8914809244.00	39810817.00	38977643452.00	4957419984148.00	15681990642.00	32523723123.00	4507450505583.00	15959866460.00
2001_2019	扶顺市	299210974.00	10981457488.00	21351176.00	23237721115.00	8025252279492.00	8639225412.00	18691528238.00	7579715348695.00	8966180649.00
2001_2019	锡林浩特市	173405268.00	192090966888.00	4340188.00	0.00	51255975070069.00	1017709311.00	0.00	34165041013924.00	782536550.00
2001_2019	白城市	179089883.00	25240059585.00	2970827.00	1163075561.00	7899092806117.00	735952480.00	634018776.00	4256288805161.00	430780533.00
2001_2019	黑河市	183395509.00	67398791984.00	3412852.00	1321072545.00	35192670213012.00	891689085.00	1128784101.00	31339423543297.00	931721218.00
2001_2019	四平市	243505795.00	14275551165.00	26709587.00	6325880865.00	6286585037186.00	9285589573.00	5676492377.00	5015069934862.00	9133938452.00
2001_2019	哈尔滨市	862826431.00	51105998967.00	154913182.00	34343383454.00	31527495551922.00	55259949129.00	29006130871.00	26048824432322.00	49248372096.00
2001_2019	鸡西市	249195120.00	20217359299.00	4566993.00	887880918.00	11293746746495.00	1676295406.00	734368896.00	11000571388580.00	1768054582.00
2001_2019	孝感市	183165210.00	8745885092.00	39122743.00	19828639945.00	3764369357328.00	14194676585.00	21066970080.00	3960239003778.00	16697310699.00
2001_2019	宁德市	106612120.00	12256788747.00	19724575.00	9065102548.00	13225900503689.00	11115743605.00	10223908528.00	11466000691932.00	12641120573.00
2001_2019	宁波市	1069094491.00	6533085834.00	408462402.00	219350320102.00	5780245817510.00	216839672088.00	258084679115.00	4970606966288.00	247792809032.00
2001_2019	杭州市	1002406276.00	14629288953.00	740228869.00	267511834814.00	12426625856331.00	341462866694.00	291139780358.00	10947683320194.00	361719574974.00
2001_2019	苏州市	1619187824.00	3226776469.00	1063467746.00	467717970905.00	1713282068998.00	487917106441.00	521974758588.00	1524211096645.00	514903759838.00
2001_2019	常州市	697073570.00	2996770855.00	404642285.00	214535427906.00	1749152247691.00	194686512545.00	234395867515.00	1551377515939.00	198539070204.00
2001_2019	巢湖市	151499006.00	8299341632.00	101185942.00	34085267418.00	4371087195077.00	44513605873.00	30320702890.00	4321556422363.00	46617687246.00
2001_2019	宿迁市	405527237.00	7409458946.00	172274145.00	63210770235.00	4322728206265.00	77689742746.00	73420443769.00	3892534156463.00	92451823173.00
2001_2019	枣庄市	641151916.00	3744799178.00	52631706.00	86244044291.00	1965634150269.00	22445702925.00	80840851795.00	1665546776501.00	22871580556.00
2001_2019	青岛市	1142829637.00	8979898278.00	239967237.00	166928296910.00	5519864534903.00	108370576452.00	164159556332.00	4554147222195.00	113095037965.00
2001_2019	滨州市	354485450.00	7507840626.00	201173514.00	24300618274.00	3198320654355.00	62338441577.00	24597120363.00	2306560838510.00	66454873273.00
2001_2019	扬州市	387264463.00	5416498517.00	212945951.00	65513736226.00	3071195246068.00	93375281725.00	69877823769.00	2674678891113.00	101634780907.00
2001_2019	奎屯市	47210352.00	1551637869.00	0.00	0.00	250175835106.00	0.00	0.00	171843801756.00	0.00
2001_2019	桓仁满族自	19522862.00	3395684841.00	375315.00	1285391003.00	2655995510447.00	173395789.00	1192528431.00	2514082867535.00	164087963.00
2001_2019	天长市	25047272.00	1716881271.00	18469242.00	3761569640.00	925999821924.00	8339972398.00	4264533994.00	821520498347.00	8681394654.00
2001_2019	潜江市	53045238.00	1920336604.00	11506720.00	2761256357.00	794556134636.00	4668360353.00	2937456295.00	887788767220.00	4911865863.00
2001_2019	宜兰县	66753088.00	2243010972.00	3616983.00	16091586198.00	2759273684018.00	1894300429.00	11958655776.00	2343887991077.00	1461461295.00
2001_2019	金门县	13136873.00	84752307.00	524275.00	271946890.00	77847510383.00	151817016.00	265480818.00	79428401702.00	166658829.00
2001_2019	台中市	104903153.00	44839666.00	3594530.00	4164603890.00	49755752422.00	2617457944.00	4396616995.00	47626374733.00	2818884861.00
2001_2019	云林县	130181443.00	944944206.00	4104631.00	12702967310.00	841161360702.00	2891343707.00	11620784750.00	733235640385.00	2828722174.00
2001_2019	凤山县	277792546.00	2409836670.00	17833278.00	52189439851.00	3456083740071.00	13018037804.00	46542638118.00	3340180845822.00	12304738897.00
2001_2019	诏安县	25241711.00	79357373.00	455721.00	1727995310.00	67693322407.00	386681544.00	1717520981.00	62082186586.00	365783140.00
2001_2019	中山市	500820466.00	792887685.00	180111609.00	83677353714.00	342601943931.00	57130076966.00	85610128061.00	348765539104.00	60813290633.00
2001_2019	北海市A	62881295.00	150866159.00	12482252.00	4035564759.00	90802592013.00	5229789700.00	5337177140.00	75528373701.00	6191866366.00
2001_2019	舟山市	32374572.00	307459503.00	16900948.00	8217056324.00	299357646821.00	10725777590.00	8696820757.00	243671165115.00	11015343017.00
2001_2019	喀什市	233202047.00	23365789468.00	0.00	0.00	4020553555671.00	0.00	0.00	3390306328871.00	0.00
2001_2019	那曲县	4038272.00	237349109117.00	0.00	0.00	26064022075177.00	0.00	0.00	21696189379783.00	0.00
2001_2019	中甸县	18772144.00	23004410343.00	660762.00	0.00	17639122650602.00	141844558.00	0.00	14200314862911.00	199130107.00
2001_2019	景洪市	41797101.00	19547777418.00	0.00	0.00	35774802858637.00	0.00	0.00	31392887022313.00	0.00
2001_2019	楚雄市	147561670.00	28700871534.00	3613714.00	1131479619.00	31629713490750.00	2246813365.00	1060233337.00	25949124036847.00	2582806978.00
2001_2019	文山县	97898912.00	31011641439.00	23736618.00	5001232209.00	36163618625795.00	14420406222.00	5238309696.00	27675977085558.00	17032058765.00
2001_2019	凭祥市	96174953.00	19451769026.00	19800971.00	1989534291.00	17517358386119.00	9244939203.00	2110785858.00	16969561977140.00	11830103818.00
2001_2019	玉林市	736575017.00	11797581832.00	37079837.00	4811901149.00	10504389562937.00	17442065320.00	5467927829.00	10626211898404.00	21026911859.00
2001_2019	三亚市	43586927.00	1689975751.00	26340530.00	9408232783.00	2098974395901.00	19904445760.00	11442379633.00	1995355982364.00	23501126341.00
2001_2019	阳西县	93325658.00	7642330067.00	29568231.00	11916522759.00	6856636327253.00	14341438707.00	15021810554.00	7274464093564.00	19917777564.00
2001_2019	肇庆市	224301346.00	14714782443.00	41293350.00	14768533307.00	14033108263496.00	15831026300.00	15448307450.00	14961197932981.00	18886358076.00
2001_2019	六盘水市	60242729.00	9482773835.00	9378318.00	1692793926.00	8476070248825.00	4221099500.00	1400501446.00	6485727100692.00	4368156501.00
2001_2019	达川市	63560356.00	16435802149.00	38388057.00	9784736595.00	9708710255083.00	14239300422.00	9696293770.00	8331905702326.00	15565009977.00
2001_2019	泸州市	59693859.00	11851196135.00	63001037.00	4409267621.00	7452547492323.00	20940702558.00	3557868582.00	5966188662111.00	20888453281.00
2001_2019	资阳市	58616190.00	7791279427.00	49544139.00	6363158800.00	4489762542892.00	18244937820.00	4813840794.00	2651149341470.00	15357182066.00
2001_2019	雅安市	96414480.00	14857755304.00	17303913.00	11037494408.00	10909331675922.00	7618134763.00	13694454344.00	9795965438140.00	9275173799.00
2001_2019	玛沁县	18696009.00	74410482957.00	0.00	0.00	17566369402196.00	0.00	0.00	14326911109773.00	0.00
2001_2019	天水市	89675547.00	13635958195.00	5126442.00	6737073687.00	9566890810603.00	2113583807.00	5677464994.00	6450720722462.00	2097119073.00
2001_2019	临夏市	110081204.00	7837556657.00	1216256.00	433951803.00	4254015673423.00	384746060.00	420623126.00	2556752132418.00	409859988.00
2001_2019	西宁市	343426167.00	7139879381.00	12014003.00	3633287361.00	3138067379135.00	3898825881.00	2964486346.00	2399672971756.00	3465566093.00
2001_2019	酒泉市	213692846.00	10032920175.00	0.00	0.00	1604656911538.00	0.00	0.00	882612130904.00	0.00
2001_2019	玛纳斯县	263653255.00	48582982305.00	4409635.00	4275939429.00	9358456103563.00	976113451.00	2500353270.00	6682718481976.00	610470727.00
2001_2019	伊宁市	303473753.00	48612667339.00	10797632.00	46810509.00	22781861811353.00	2708192663.00	30948948.00	19584383271807.00	3374737392.00
2001_2019	武威市	174633528.00	16792525765.00	787552.00	630676835.00	6676383106941.00	232522926.00	560529156.00	3962046185573.00	224197381.00
2001_2019	吴忠市	147242450.00	25254224458.00	11405704.00	503750883.00	6061007225283.00	3454216788.00	352448754.00	3228576243899.00	2509450817.00
2001_2019	市辖区(石嘴	78658214.00	3197515029.00	18086962.00	2523405264.00	796273040818.00	4690932652.00	1460443785.00	491973390087.00	2741278134.00
2001_2019	临河市	121405157.00	29172165448.00	2650457.00	37842856.00	5803795045509.00	441350215.00	32374563.00	3473770849561.00	332661645.00
2001_2019	集宁市	167964416.00	50279675478.00	19250855.00	372273511.00	16812358365774.00	6151348676.00	220491384.00	8138322068353.00	4117390333.00
2001_2019	忻州市	197800443.00	24802000734.00	23589241.00	17621356380.00	12954764787110.00	9268629912.00	12078236312.00	6755018853579.00	7693005858.00
2001_2019	延安市	35222712.00	36656513397.00	7645997.00	4387842850.00	20117482071737.00	2759660447.00	2588821130.00	10847463589164.00	1947196520.00
2001_2019	绵阳市	164206721.00	19945024943.00	131909196.00	23963833796.00	14831056880955.00	56830938543.00	18303112627.00	10740366210336.00	42755341809.00
2001_2019	十堰市	175427430.00	23466224405.00	56235611.00	62517754073.00	17437296177152.00	28263490324.00	56024607810.00	15116915286586.00	30654289831.00
2001_2019	宜昌市	182997943.00	20871951693.00	47841144.00	18084890136.00	15241658251766.00	18520158011.00	19721198457.00	14188795879612.00	23491079290.00
2001_2019	大庸市	23693465.00	9450568349.00	3914950.00	1369651678.00	7586220619323.00	1755235542.00	1315203293.00	6305470258554.00	2014650594.00
2001_2019	铜仁市	55713535.00	17680129450.00	10327737.00	1552247301.00	14136977947896.00	4550906407.00	1536507344.00	12086350655205.00	5797596492.00
2001_2019	娄底市	214316664.00	7766623897.00	26459420.00	4194261884.00	5482552403436.00	10964638622.00	4630199136.00	4508758675307.00	12568384338.00
2001_2019	岳阳市	197079920.00	13744679381.00	32952695.00	27862974826.00	8157294466308.00	13021304894.00	25374616676.00	7576602714706.00	13179601738.00
2001_2019	株州市	187991246.00	11236462794.00	30928454.00	12492608378.00	8098740088648.00	13225583208.00	12290744815.00	7376956842114.00	15192993277.00
2001_2019	永州市	144057572.00	22113417412.00	31075471.00	8416274534.00	15532968281802.00	12822227433.00	8065304679.00	15574673563141.00	14803155452.00
2001_2019	韶关市	238091217.00	18034261850.00	32538286.00	5928424796.00	16331584674717.00	15507589495.00	5629704537.00	17272028425573.00	19291072130.00
2001_2019	深圳市	946853264.00	821438627.00	49000246.00	112976169441.00	745498017956.00	25524917040.00	109154768005.00	777506406797.00	28500214634.00
2001_2019	海丰县	182147786.00	4467907161.00	5792694.00	6649893601.00	4813977306725.00	3254858572.00	6961716409.00	4599266673810.00	3950715912.00
2001_2019	汕头市	814804755.00	870360187.00	94290769.00	91217920699.00	791199475828.00	62004212276.00	103804742350.00	753151512622.00	66278297441.00
2001_2019	龙岩市	172121278.00	18950837098.00	78780275.00	13927227190.00	20285507936923.00	46409184378.00	16162391638.00	20288036945088.00	54755199835.00
2001_2019	福州市	773353077.00	9787106543.00	188850527.00	210991680946.00	10954103381398.00	115591228942.00	211999353328.00	9545066915295.00	122141597017.00
2001_2019	临川市	162399326.00	17938732823.00	47784958.00	10397551601.00	13310444749185.00	19315948517.00	12469108173.00	12882596743368.00	25386004687.00
2001_2019	新余市	95159124.00	3015122976.00	28416213.00	17829379210.00	1967182217004.00	12532469416.00	21373290020.00	1763500773376.00	14545679480.00
2001_2019	黄山市	67870948.00	9522431027.00	43216941.00	15732310071.00	8500718552157.00	24255719707.00	16537627764.00	7805825381619.00	27676526728.00
2001_2019	安庆市	195743754.00	14198568928.00	76380761.00	30112142531.00	8969301051865.00	33472576892.00	33439696571.00	9030523141948.00	40248240321.00
2001_2019	武汉市	786972292.00	6883454233.00	213380613.00	96504645641.00	3141578121819.00	67040081132.00	106334088636.00	3031207607383.00	80273440277.00
2001_2019	信阳市	243206597.00	18309573918.00	46012839.00	24531532764.00	8159000215306.00	16452797611.00	23987075774.00	8043114988214.00	18225143126.00
2001_2019	西安市	812869108.00	9221973566.00	141599338.00	117889472920.00	6239034685669.00	55060418808.00	103345998543.00	4570749451317.00	51330423114.00
2001_2019	运城市	1264457091.00	12879899112.00	51534461.00	77383126341.00	6062650191425.00	17862355099.00	55031337704.00	4133632484290.00	13677620950.00
2001_2019	平顶山市	554884708.00	7173852795.00	66253149.00	66670112571.00	3403565572744.00	23300402799.00	59094708455.00	3140237838376.00	24967623920.00
2001_2019	焦作市	579183219.00	3428577263.00	108785748.00	54437863219.00	1389224596875.00	35095628339.00	55475921441.00	1241342124776.00	39106636541.00
2001_2019	长治市	230447378.00	13439664648.00	22912345.00	25360108380.00	6398346436467.00	6896766374.00	22135388546.00	5049032416850.00	6918661959.00
2001_2019	周口市	529075857.00	11133422616.00	52100186.00	10091309635.00	5204190133185.00	17185663322.00	12020703273.00	4958771510085.00	22357175102.00
2001_2019	淮南市	275114216.00	1667590146.00	30582627.00	19803395199.00	718108422063.00	11090318971.00	17137265079.00	708308864926.00	12001688140.00
2001_2019	宿州市	324663083.00	9451798159.00	47191297.00	12688782931.00	5011826849754.00	17069177692.00	14636458040.00	4629873744138.00	21766058694.00
2001_2019	濮阳市	322579029.00	3518794881.00	36732082.00	5767673146.00	1192211847796.00	8628147108.00	6776348401.00	1138982282994.00	11761508192.00
2001_2019	邢台市	710746790.00	11612394236.00	164859814.00	58265750753.00	3633045299600.00	41127378848.00	61509064872.00	3212089217063.00	44481614320.00
2001_2019	沧州市	541726056.00	12726018200.00	96379565.00	30568096843.00	4188813967029.00	27116747826.00	26924068994.00	3174262681647.00	24270341635.00
2001_2019	北京市	3258986760.00	12551224078.00	391820561.00	431233158152.00	5684545031763.00	139507763701.00	308064019732.00	3588860937455.00	105248460727.00
2001_2019	秦皇岛市	381070389.00	7044395031.00	100792011.00	42434117263.00	3658498813895.00	39337219399.00	35971172028.00	3070448690249.00	36987706770.00
2001_2019	赤峰市	473266506.00	85796202830.00	27758030.00	3103763655.00	34991807599403.00	7372522544.00	2872148459.00	22538517030575.00	8016376600.00
2001_2019	锦州市	307048386.00	8900789835.00	14198573.00	18461512568.00	3906392318758.00	5068602429.00	14516441159.00	3233105994062.00	4700070465.00
2001_2019	辽阳市	436732459.00	4425367749.00	53203306.00	35873814586.00	2285459685102.00	21547803403.00	31100286267.00	2148319076074.00	22494690976.00
2001_2019	铁岭市	195646580.00	12799913609.00	26775521.00	6061997236.00	6505593237185.00	9976889485.00	5109788600.00	5871762498528.00	9809501357.00
2001_2019	乌兰浩特市	193896574.00	53082459097.00	3808494.00	813053574.00	24033162803867.00	1078287429.00	423741952.00	14949163420039.00	675588516.00
2001_2019	塔河县	166018641.00	63579382299.00	0.00	76931125.00	40942722564256.00	0.00	80973780.00	37404413312284.00	0.00
2001_2019	绥化市	312168819.00	33635753801.00	22167755.00	6098446084.00	14779039571635.00	7219116811.00	4213382086.00	11065876227678.00	5716957039.00
2001_2019	扶余市	184163055.00	20367933203.00	19082961.00	5582508662.00	7569327546779.00	5450302411.00	4169165517.00	5066122300661.00	4668928909.00
2001_2019	吉林市	495221449.00	27373190781.00	30318952.00	30304285462.00	18249037679811.00	12307856678.00	24440409198.00	17054764967057.00	11560745475.00
2001_2019	佳木斯市	239030616.00	31698298396.00	6337646.00	3657496054.00	14165652554221.00	2172468707.00	3420658827.00	13897591989621.00	2115451445.00
2001_2019	合山市	191139859.00	26195088056.00	31451384.00	4440178066.00	19813969446188.00	13536553073.00	4642639827.00	19489043790417.00	16465771778.00
2001_2019	都匀市	70265158.00	26242323640.00	11180612.00	3127003315.00	23760185680574.00	5227276305.00	3478615961.00	20470565099678.00	6225242209.00
2001_2019	丽水市	109345375.00	16795095006.00	57663463.00	8524754943.00	16701083141906.00	27484341935.00	10160780028.00	15001712378291.00	40425292812.00
2001_2019	绍兴市	643752037.00	7159728186.00	222965360.00	93195502312.00	6080663794130.00	101109092375.00	104046430653.00	5004035009998.00	104331505661.00
2001_2019	上海市	2273433998.00	2122231297.00	697174216.00	439247617699.00	1374555659175.00	392349407746.00	433913056051.00	1270691754223.00	416816027864.00
2001_2019	宜兴市	150370722.00	1407663245.00	90421049.00	44524183468.00	892645608030.00	42515991746.00	42428126983.00	758427800399.00	45562027895.00
2001_2019	马鞍山市	150514014.00	1246061311.00	92959227.00	40735838337.00	563655961557.00	40730197273.00	41375798843.00	576465429740.00	44251949849.00
2001_2019	泰州市	234221908.00	2686590648.00	254053168.00	32256847984.00	1653500516649.00	110957501546.00	40309353837.00	1566480574745.00	138119210077.00
2001_2019	盐城市	355212571.00	13783663780.00	195368253.00	30102354440.00	9811381922711.00	91936376494.00	34381173355.00	8450424071779.00	111555597976.00
2001_2019	临沂市	1076134684.00	15376888491.00	254081402.00	280634363381.00	8664735275252.00	117291343028.00	277351087195.00	6958791113098.00	122606063111.00
2001_2019	烟台市	799561296.00	12316437829.00	192613783.00	105567742713.00	7459850820721.00	86586660972.00	108817000210.00	6091166164078.00	94259931904.00
2001_2019	济南市	473245979.00	7237275373.00	129168766.00	62986692330.00	3172703396688.00	43632661296.00	59905711747.00	2456637962258.00	43662705623.00
2001_2019	东营市	520309475.00	4901169595.00	84102256.00	32928987815.00	2087239678362.00	28360684879.00	26727293895.00	1560939497550.00	29437603875.00
2001_2019	大连市	604305810.00	10238639073.00	118636406.00	99416046512.00	6629809190496.00	62593477765.00	82002821342.00	5281759081734.00	59925314201.00
2001_2019	澳门A	1675311.00	2801892.00	356972.00	181508820.00	531066710.00	301783256.00	182632746.00	429404778.00	249025217.00
2001_2019	沙湾县	23623505.00	9763687650.00	0.00	0.00	1845327010929.00	0.00	0.00	1576181234459.00	0.00
2001_2019	霍林郭勒市	10156287.00	504236264.00	0.00	0.00	200159817921.00	0.00	0.00	136624598713.00	0.00
2001_2019	莱芜市	216064482.00	1847425892.00	39134838.00	55064875396.00	855499013658.00	15086543296.00	52371035672.00	691228999673.00	15160999638.00
2001_2019	济源市	105618841.00	1828605377.00	38977066.00	11068651146.00	768404673019.00	13543993356.00	10398516818.00	650270964134.00	14698494175.00
2001_2019	兴化市	69482934.00	2141995538.00	70902121.00	12008857142.00	1052938357924.00	29825970393.00	13991824534.00	1111988416226.00	34373533875.00
2001_2019	崇明県	42258785.00	771717614.00	19039956.00	3041279795.00	566540507799.00	11410472065.00	2655093519.00	505853465199.00	11785286171.00
2001_2019	岱山县	10277119.00	43559556.00	7742554.00	1918089070.00	36377548565.00	1929797180.00	1432095552.00	27493082037.00	1454494441.00
2001_2019	鄂州市	56949428.00	1200613652.00	26995371.00	11308006856.00	564193969323.00	10741328181.00	11514645012.00	513057084331.00	11655965621.00
2001_2019	仙桃市	37217420.00	2413276260.00	12691635.00	7941934010.00	984551943046.00	5149019361.00	8717844426.00	1018503803487.00	5685172434.00
2001_2019	基隆市	28580955.00	97218792.00	0.00	1230732225.00	117555125037.00	0.00	721410658.00	98309376294.00	0.00
2001_2019	桃园县	279977119.00	836746541.00	31229128.00	48404942309.00	1065394252037.00	23038658977.00	41418676137.00	926682280381.00	20439064849.00
2001_2019	台中县	297856578.00	1685090069.00	35650391.00	50537074287.00	2322415761761.00	23785329965.00	49798046845.00	2073154242765.00	24274151264.00
2001_2019	台东县	28493365.00	3710913849.00	0.00	152138620.00	5561083844449.00	0.00	133000821.00	5247761656268.00	0.00
2001_2019	台南县	295933134.00	1567785049.00	20878571.00	74826160378.00	1651517694757.00	15629652416.00	62154619729.00	1510066790802.00	13581536349.00
2001_2019	东莞市	1203671456.00	707435248.00	146204198.00	173992810675.00	516943104165.00	60968517138.00	193690540742.00	509373530495.00	72482635149.00
2001_2019	阿瓦提县	246651967.00	29253538640.00	0.00	0.00	4929563234173.00	0.00	0.00	4025334162735.00	0.00
2001_2019	日喀则市	8713081.00	123970038415.00	0.00	0.00	12045776570151.00	0.00	0.00	10999505616071.00	0.00
2001_2019	治多县	14746929.00	161515762792.00	0.00	0.00	25693334804221.00	0.00	0.00	19735128441593.00	0.00
2001_2019	保山市	179197349.00	19365024284.00	19852893.00	2442348867.00	25355293143192.00	14078676824.00	2890303251.00	19794132571389.00	15959194260.00
2001_2019	思茅市	96995984.00	43793256433.00	7108279.00	5462806737.00	67056783385074.00	5359975319.00	4839706008.00	55019778292790.00	4965879746.00
2001_2019	林芝县	13492624.00	81458393274.00	878240.00	0.00	42792896241066.00	548902666.00	0.00	41635334526361.00	636726652.00
2001_2019	丽江纳西族	66432926.00	20233838859.00	9771607.00	3191699611.00	20509888709552.00	5143695383.00	4148272188.00	16403385987676.00	7401570439.00
2001_2019	百色市	88160435.00	35771052290.00	36912849.00	10221095253.00	35816532625281.00	16296539227.00	13639160469.00	33753760151091.00	23179850783.00
2001_2019	钦州市	117211943.00	10339924330.00	21058210.00	4868345025.00	8347682728779.00	9035962833.00	5523868836.00	8014586415553.00	11827007411.00
2001_2019	江门市	402418770.00	7989587760.00	123088315.00	49215291615.00	6264341995891.00	55147566848.00	50613951466.00	6184864160007.00	58834797824.00
2001_2019	清远市	214751994.00	18486739658.00	53542622.00	10725960699.00	15878990525817.00	23810470451.00	11911370972.00	16916354214538.00	28937930044.00
2001_2019	梧州市	101443743.00	12582905112.00	33360597.00	5013210964.00	13013575503264.00	13404952505.00	6457521602.00	13961582405574.00	19191604367.00
2001_2019	凯里市	65115949.00	30024837089.00	18709542.00	3103546323.00	23878828692133.00	8857046374.00	3540886216.00	21051292147261.00	10347048804.00
2001_2019	贵阳市	201154130.00	7429248857.00	74358127.00	20004433359.00	5727121472883.00	29363245749.00	19778759719.00	4902630871325.00	36622943500.00
2001_2019	昭通市	131988192.00	22163830331.00	11004998.00	2308907790.00	17790929710347.00	4767245131.00	2271817497.00	14370647873236.00	5444865620.00
2001_2019	乐山市	150460745.00	12745386745.00	65250904.00	8463520387.00	8626314565698.00	25008676921.00	6578719964.00	6701142020570.00	21776054993.00
2001_2019	遂宁县	82559214.00	5190531556.00	55245648.00	15512745738.00	2886314819031.00	20970379718.00	11815420284.00	1798748866633.00	18174700134.00
2001_2019	共和县	64178276.00	37638490390.00	0.00	0.00	11769216757082.00	0.00	0.00	8430646395599.00	0.00
2001_2019	夏河县	40684897.00	36315055051.00	0.00	0.00	18016168443227.00	0.00	0.00	15646114914981.00	0.00
2001_2019	哈密市	96421876.00	10921863851.00	0.00	183472185.00	2314234478654.00	0.00	104658252.00	1570729540269.00	0.00
2001_2019	乌鲁木齐市	293403022.00	6112162743.00	1885354.00	6804489047.00	1747910107989.00	359120146.00	4157725655.00	1230719210441.00	226711742.00
2001_2019	阿勒泰市	159961806.00	81875286831.00	0.00	0.00	18851533382363.00	0.00	0.00	15574845649279.00	0.00
2001_2019	博乐市	65422723.00	17719149489.00	0.00	0.00	5262826382967.00	0.00	0.00	3884409735223.00	0.00
2001_2019	兰州市	452944385.00	12305077742.00	7041556.00	3477251208.00	4705707962388.00	2544435670.00	2226059691.00	2310580626270.00	1701851567.00
2001_2019	东胜市	85605687.00	73235609615.00	17227800.00	130472194.00	17351596310194.00	3595183089.00	80576605.00	8494491979289.00	2320674692.00
2001_2019	朔州市	159684168.00	10768514949.00	8858963.00	5393629795.00	5023243594598.00	2696343076.00	3446818159.00	2106097861050.00	1681795191.00
2001_2019	西峰市	24840045.00	26984581433.00	3646939.00	1768539767.00	13489121069834.00	1216104760.00	1597980756.00	6639198185602.00	1013104927.00
2001_2019	宝鸡市	256849250.00	18017599410.00	50436762.00	47163328092.00	14588853958240.00	24840591454.00	37296428563.00	9892999110261.00	21891724129.00
2001_2019	广元市	65562904.00	15926205979.00	7388894.00	7111693860.00	11512646234947.00	3254170014.00	5248745116.00	8486267756112.00	2401307413.00
2001_2019	成都市	903068025.00	10383758483.00	784041449.00	110122805272.00	6678861613606.00	320799584321.00	97087182971.00	4746486045896.00	275473831392.00
2001_2019	安康市	91167539.00	22859608085.00	42365562.00	26884011998.00	16325106417580.00	20197968813.00	28586103302.00	13705367066020.00	21870995679.00
2001_2019	吉首市	48040987.00	15522996693.00	8532295.00	3447654304.00	12310801885015.00	3955422012.00	3195323581.00	10197228486023.00	4623295134.00
2001_2019	常德市	168730465.00	18034404159.00	34043006.00	10377816936.00	10606161745336.00	11770224859.00	11167432318.00	9454732562029.00	13272318200.00
2001_2019	荆门市	218811499.00	11820107863.00	28723816.00	18058650904.00	5443298565767.00	10691648308.00	18698269030.00	5908376974400.00	12411922908.00
2001_2019	长沙市	484553731.00	10825968086.00	132050427.00	85964195503.00	7091089744140.00	51465703541.00	98573365605.00	6434850506013.00	62829833269.00
2001_2019	邵阳市	289274742.00	20172245424.00	31476784.00	2812046687.00	14958378034109.00	13368333014.00	3043453075.00	12769622113714.00	15920374317.00
2001_2019	河源市	104236065.00	15046212967.00	43499835.00	9837216065.00	17503156841056.00	19345445022.00	11507574230.00	17711148716226.00	25608502161.00
2001_2019	潮州市	379051802.00	2543475136.00	76714384.00	25841318832.00	3302575214336.00	46884301585.00	32407553237.00	3041940469084.00	54806259477.00
2001_2019	泉州市	1357525736.00	9085345570.00	185053833.00	167411694657.00	10726163145979.00	120634195097.00	184230548984.00	9346161505148.00	131206917536.00
2001_2019	南平市	125980162.00	25804925444.00	10608211.00	2690696379.00	20729183458465.00	5487866283.00	2533953763.00	21225446321852.00	7025711066.00
2001_2019	吉安市	167401527.00	24362567313.00	56093475.00	22485349928.00	18141038624062.00	24041926222.00	22045220004.00	16471167454584.00	26114729764.00
2001_2019	九江市	244260334.00	16924061464.00	86514522.00	32364083633.00	11364059170255.00	31251744626.00	35931200371.00	11245442921175.00	39983687450.00
2001_2019	景德镇市	117667604.00	5096921018.00	24357106.00	14764814498.00	3618660198760.00	11242375333.00	13352684490.00	3563334695566.00	13152918923.00
2001_2019	铜陵市	73111431.00	887214373.00	34970511.00	11230951416.00	547138459465.00	15417982634.00	8990340158.00	458584212010.00	16019924738.00
2001_2019	渭南市	672822857.00	12060641975.00	35188352.00	26232890121.00	6009269832782.00	12409868812.00	19600177981.00	4014980785924.00	11384210472.00
2001_2019	漯河市	401240544.00	2156238986.00	21173095.00	6674194572.00	994569029387.00	7176842521.00	7913590361.00	974731228048.00	8927626448.00
2001_2019	榆次市	555654309.00	15747572421.00	38160021.00	96966132547.00	7371356622135.00	12615414058.00	83968745888.00	5316994317193.00	11117542570.00
2001_2019	安阳市	710536684.00	6435261432.00	172866979.00	66431149153.00	2423946884203.00	51344601891.00	69246096722.00	2137101847629.00	59049624765.00
2001_2019	开封市	365286185.00	5565685525.00	39768167.00	12416725447.00	2040752736123.00	10170737392.00	15170386317.00	2123241658060.00	13468268701.00
2001_2019	亳州市	222097574.00	8591411785.00	52184796.00	7308057661.00	4086396972546.00	16050432367.00	9060450496.00	3885814771655.00	22864262643.00
2001_2019	衡水市	565600202.00	7954718319.00	69306044.00	19849425358.00	2325467684478.00	17240499292.00	19061371455.00	2013006465840.00	17032119924.00
2001_2019	廊坊市	330660351.00	4565570384.00	75512177.00	18136557581.00	1314981162009.00	19571426851.00	14569261232.00	1007307310680.00	16041340416.00
2001_2019	张家口市	401629286.00	36542902904.00	24445720.00	24786087378.00	18247112796735.00	8496826801.00	16697108431.00	9992308004041.00	6021505378.00
2001_2019	唐山市	1256499247.00	10248487659.00	353647670.00	167310913709.00	4453675226832.00	119119085508.00	153406778380.00	3513870489061.00	115461732195.00
2001_2019	朝阳市	155855586.00	20496258175.00	31853167.00	13049878731.00	9456424211693.00	10275965769.00	11166858283.00	6820946790984.00	10177395488.00
2001_2019	丹东市	159583157.00	13753581741.00	7352915.00	4475176072.00	9639554444759.00	2956812210.00	3972565576.00	8817553936373.00	3035469343.00
2001_2019	盘锦市	257398419.00	2554412193.00	35588482.00	25627793540.00	1076923514906.00	13107241378.00	20816278438.00	952555813779.00	12459681474.00
2001_2019	沈阳市	885882420.00	11560845254.00	190436967.00	66659063920.00	4875604041863.00	72679638049.00	59149389227.00	4197723177905.00	70378406641.00
2001_2019	大庆市	454797624.00	19395513973.00	27483113.00	19002796038.00	7359888252317.00	8518326351.00	9808651477.00	4216125746571.00	4791690111.00
2001_2019	辽源市	97006706.00	5041147168.00	6417621.00	2155500314.00	2736948185569.00	2259761572.00	2072071320.00	2614023869688.00	2625418526.00
2001_2019	长春市	689725530.00	19340223392.00	177680091.00	32359742578.00	8306297287801.00	60856827150.00	28870559585.00	6347704115833.00	59196027879.00
2001_2019	浑江市	150098736.00	17181009852.00	5935301.00	5936107798.00	14714660189987.00	2813620088.00	4853154094.00	13073788782649.00	2727876843.00
2001_2019	伊春市	187200273.00	32599348267.00	8780153.00	3686673983.00	20703191944673.00	3114393099.00	3062124688.00	18423627152453.00	3205032397.00
2001_2019	双鸭山市	185011510.00	21250417910.00	5326409.00	1165517208.00	11643880481772.00	1711317952.00	1059363834.00	11124492681226.00	1794587526.00
2001_2019	海拉尔市	918270576.00	251252895588.00	12193981.00	2109669246.00	133682582974226.00	3494383651.00	1068136111.00	98334538020161.00	2926523575.00
2001_2019	温州市	640317265.00	10033597732.00	168961640.00	93727165025.00	10162636941445.00	88016917786.00	110233678513.00	8768608102699.00	92127157364.00
2001_2019	金华市	629541967.00	10095132830.00	229747799.00	57232667587.00	8746067253782.00	103115214071.00	65175780190.00	7335939443946.00	121829347472.00
2001_2019	宣州市	88848964.00	11739721053.00	59276674.00	20575172515.00	9758652721048.00	29675500201.00	20073108450.00	8076169596965.00	32520690668.00
2001_2019	嘉兴市	383074815.00	3000599171.00	493458262.00	92788757992.00	1930805566165.00	227544697681.00	109863985325.00	1789694567802.00	281213102665.00
2001_2019	无锡市	836585543.00	921744629.00	415017007.00	271025118903.00	575222846930.00	219088337853.00	286346051638.00	480575510284.00	219856665973.00
2001_2019	镇江市	267420875.00	2860195263.00	261200467.00	68965119975.00	1697928464943.00	122597335444.00	74934394983.00	1563794449449.00	136256407886.00
2001_2019	六安市	152396866.00	18171143961.00	84110728.00	22298809733.00	8718127257824.00	30760104215.00	24841760072.00	9474509732871.00	36437710474.00
2001_2019	滁州市	230479906.00	11115542611.00	95439686.00	30983744808.00	5423495948528.00	36836468962.00	32725259953.00	5405424160155.00	44505158590.00
2001_2019	济宁市	711179809.00	10173331545.00	224461834.00	90033640184.00	4494611554540.00	76203728697.00	97502172647.00	4207290227155.00	96849332376.00
2001_2019	连云港市	343470225.00	6588767332.00	125533157.00	60443126876.00	4249575916406.00	57479482031.00	62306729160.00	3572132601175.00	65194109742.00
2001_2019	潍坊市	928089632.00	13571091169.00	262331856.00	59142430809.00	7174716571398.00	99965475731.00	63188111969.00	6134726173644.00	113127251691.00
2001_2019	昆明市	870831889.00	19311229901.00	64983529.00	15969366832.00	20906804153387.00	38424871295.00	18786248647.00	15371282373523.00	42662081719.00
2001_2019	张掖市	133750186.00	25120075946.00	0.00	0.00	8048556898307.00	0.00	0.00	4699960319996.00	0.00
2001_2019	南阳市	884628758.00	25849444954.00	73566577.00	49921862640.00	13366268638613.00	26262187897.00	56106610747.00	12195844614276.00	30631634923.00
2001_2019	牡丹江市	395361769.00	38522795612.00	14980698.00	14237653254.00	30254287273309.00	5617526567.00	11968624214.00	27307664843735.00	6065232765.00
2001_2019	石河子市	41424649.00	437668042.00	357713.00	933179169.00	107850347639.00	75838035.00	568755540.00	80530394751.00	49489564.00
2001_2019	清河门区	5957160.00	138521149.00	372758.00	309575175.00	58385785077.00	133447509.00	176482168.00	44444310016.00	86964536.00
2001_2019	嘉峪关市	26135596.00	332042902.00	0.00	0.00	77407732456.00	0.00	0.00	41489298461.00	0.00
2001_2019	嵊泗县	510819.00	13801887.00	214256.00	52340479.00	8016116976.00	103914470.00	36559789.00	5893768192.00	84695650.00
2001_2019	天门市	78877629.00	2747540432.00	14998883.00	3679451618.00	1187574004812.00	5155262850.00	4228196819.00	1285709352335.00	6320711795.00
2001_2019	萍乡市	55365713.00	2767348391.00	26911512.00	6938048763.00	1927190936185.00	11939325284.00	6492868168.00	1733184144313.00	14826486021.00
2001_2019	平潭县	51850845.00	94532845.00	16859635.00	28252014253.00	69180632471.00	11815052945.00	24852907559.00	58382392788.00	10851334000.00
2001_2019	台北县	195072594.00	1917220499.00	4925184.00	22156886329.00	2454188095770.00	3727690890.00	16737163516.00	2078796202498.00	2927636063.00
2001_2019	苗栗县	82559096.00	1563072493.00	5834263.00	6741887457.00	2437080175358.00	4720106159.00	5724597367.00	2194071262467.00	4221651598.00
2001_2019	莲花县A	49349037.00	4626368330.00	2122648.00	5488884458.00	6704358629090.00	1349727580.00	3464546408.00	5741975391088.00	937868517.00
2001_2019	彰化县	202604662.00	789942332.00	38137567.00	40118167203.00	628629307375.00	22923758548.00	39233469936.00	571123133820.00	22365010537.00
2001_2019	嘉义县	116425735.00	1744226390.00	5991141.00	17583312514.00	2305085890578.00	4650742290.00	14851320669.00	2189539755205.00	4068575868.00
2001_2019	南澳县	3649816.00	82953526.00	0.00	0.00	89915630460.00	0.00	0.00	91835678743.00	0.00
2001_2019	高雄市	150175138.00	23603292.00	514234.00	2655405051.00	18787552029.00	338606631.00	2317353491.00	18036373299.00	302513013.00
2001_2019	珠海市	115413425.00	219539898.00	15813627.00	13731415571.00	127507115182.00	6753050369.00	13798772549.00	125560902344.00	7614931286.00
2001_2019	阿图什市	26126156.00	16654876265.00	0.00	0.00	2715485421208.00	0.00	0.00	1961305971922.00	0.00
2001_2019	和田市	49520270.00	13490530296.00	0.00	0.00	2148139099004.00	0.00	0.00	1470417998355.00	0.00
2001_2019	怒江傈傈族	4422594.00	13428419172.00	224096.00	0.00	12908872877191.00	154626250.00	0.00	10135798908530.00	157942871.00
2001_2019	潞西市	106387582.00	11334219884.00	24740238.00	10100047261.00	18263455498556.00	15945816917.00	11739588630.00	14876448662108.00	17565274213.00
2001_2019	临沧县	88284632.00	23300813313.00	24371014.00	7771094682.00	32192832882904.00	21983893978.00	6375891171.00	24882367779845.00	19154744085.00
2001_2019	拉萨市	29008614.00	24291565568.00	0.00	0.00	4813961723653.00	0.00	0.00	4346448780645.00	0.00
2001_2019	攀枝花市	80367800.00	7132135744.00	3787198.00	4776661691.00	6357384788401.00	2119070346.00	3733587553.00	5390417087420.00	2110289407.00
2001_2019	南宁市	303456012.00	9636845222.00	86880737.00	24040915322.00	7352513832557.00	34092649338.00	33061271278.00	7271674221180.00	47042487469.00
2001_2019	湛江市	287124891.00	11181027294.00	46914204.00	15463443531.00	8412125650782.00	24496613377.00	16014788141.00	7042775563658.00	27162844048.00
2001_2019	广州市	1432074132.00	5246722955.00	199539504.00	116649627411.00	4501936866791.00	82581003584.00	124994656148.00	4587634574070.00	95299986695.00
2001_2019	贺州市	110558363.00	11342780581.00	22211392.00	6446354551.00	9979711567838.00	10078998872.00	7574777990.00	10831371725884.00	12339685550.00
2001_2019	河池市	77250475.00	32418132930.00	12688814.00	11153237585.00	28258419616330.00	6467116155.00	11777813591.00	27050214431255.00	6887369777.00
2001_2019	安顺市	85218985.00	8972980249.00	2902269.00	771849717.00	7233199876643.00	1278553085.00	876207865.00	6450165292124.00	1587106600.00
2001_2019	曲靖市	307357940.00	28372274878.00	21599516.00	2231156078.00	29076716703846.00	11479278296.00	2378329788.00	20496500456174.00	13920492718.00
2001_2019	宜宾市	68963776.00	13050124561.00	58476508.00	6420631082.00	7900014225963.00	20473816424.00	4789034493.00	5678297286559.00	19042647669.00
2001_2019	内江市	91743347.00	5320021256.00	29468148.00	8943065735.00	3144373774410.00	11283635551.00	7055150188.00	1873445691296.00	9081121840.00
2001_2019	遵义市	93716641.00	30753920706.00	39249833.00	7831265896.00	21488798847108.00	14825258121.00	8172389397.00	19087968364614.00	18597171799.00
2001_2019	华蓥市	48995359.00	6217744580.00	41027287.00	6600029769.00	3352189177349.00	14817464028.00	5953011244.00	2448912384329.00	15490677260.00
2001_2019	康定县	23233524.00	140523711451.00	215756.00	0.00	57010349691830.00	89107357.00	0.00	45292186667924.00	122937946.00
2001_2019	成县	47900398.00	28076042344.00	9352993.00	3968601945.00	21621785140255.00	4300065530.00	2971558775.00	16333460854316.00	3737622691.00
2001_2019	平安县	158496489.00	12735539917.00	2009606.00	918309322.00	5892345112182.00	787997407.00	584684876.00	3971008691523.00	444637131.00
2001_2019	金昌市	72331394.00	4403907414.00	1173187.00	1836557813.00	1379930152306.00	220939413.00	895503775.00	711807003448.00	144904035.00
2001_2019	乌兰县	106501899.00	71583556898.00	0.00	0.00	10281921707959.00	0.00	0.00	6158560809615.00	0.00
2001_2019	叶鲁番市	166271852.00	4556057413.00	0.00	0.00	783505141284.00	0.00	0.00	447245930360.00	0.00
2001_2019	银川市	129519871.00	3122133217.00	51407051.00	6056671566.00	1018925290079.00	13715702168.00	4125695713.00	671679843080.00	11364652335.00
2001_2019	烏海市	80034053.00	501258437.00	963449.00	406794985.00	68008733970.00	160922850.00	267701618.00	40793705772.00	93263655.00
2001_2019	包头市	423209022.00	27058539201.00	31093361.00	20517992732.00	6598014290849.00	7851582865.00	14533460831.00	3382323012028.00	5488286536.00
2001_2019	大同市	453409343.00	13674119080.00	18324368.00	42047246949.00	6622130957171.00	5635586146.00	22433598275.00	3111937952037.00	3375679324.00
2001_2019	榆林市	133141870.00	43713164930.00	4142300.00	566119408.00	14550495366779.00	1103864486.00	234211431.00	6216787032803.00	630197369.00
2001_2019	平凉市	228197867.00	30004166053.00	6468231.00	2019816351.00	12747475917897.00	2035849780.00	1253079422.00	6979799999368.00	1423757627.00
2001_2019	巴中县	30687696.00	12051183896.00	23064940.00	3292855299.00	7351436869006.00	9580404916.00	3159356778.00	6231298710001.00	9912852106.00
2001_2019	德阳市	174753433.00	5621454667.00	213247103.00	23655981230.00	3540330112191.00	105148623501.00	15593942817.00	2219924887809.00	70060591859.00
2001_2019	恩施市	42032405.00	24585670674.00	24110225.00	3024398691.00	21035322392260.00	11948203227.00	3290245427.00	17360511384491.00	14174312084.00
2001_2019	怀化市	223002924.00	27015334982.00	47671286.00	8407733819.00	19687431242296.00	21395538477.00	9472453229.00	16874427792072.00	24021159866.00
2001_2019	湘潭市	142655441.00	4658920422.00	44510327.00	25813196704.00	3049639202589.00	18953871721.00	24922704503.00	2554408461011.00	19304544990.00
2001_2019	云浮市	118365152.00	7348043292.00	15134184.00	3632875195.00	7188640314837.00	6497299574.00	4054529364.00	7266543795545.00	8264025934.00
2001_2019	梅州市	205587579.00	15325103092.00	40359557.00	16864267936.00	18651225530197.00	22180655651.00	18991817103.00	17854669181689.00	26509558244.00
2001_2019	厦门市	424778631.00	1063299624.00	66363863.00	66645106063.00	1349754333879.00	41934728361.00	84722715938.00	1239496442131.00	49719727963.00
2001_2019	三明市	117416372.00	22631916575.00	59854825.00	13207321165.00	18239299250898.00	30147984282.00	11220001480.00	18841550851823.00	36872824590.00
2001_2019	鹰潭市	97606583.00	3398442881.00	21280771.00	21628708682.00	2389179651566.00	8872701545.00	21404552265.00	2264921113620.00	10131010572.00
2001_2019	郴州市	139371346.00	19296533522.00	43492812.00	10949410317.00	15503641716487.00	22345130707.00	9755622526.00	14442394028756.00	23837354575.00
2001_2019	南昌市	381675075.00	5979258113.00	148563514.00	71508791870.00	3127679395357.00	51718481609.00	84150842736.00	2865677771061.00	61452583156.00
2001_2019	贵池市	48772916.00	8039276403.00	48336746.00	8510989081.00	6010043364926.00	20938161416.00	7807375129.00	5605944852807.00	25176279083.00
2001_2019	咸宁市	133899765.00	9422927274.00	25628797.00	17783150772.00	6159809410477.00	11388378527.00	17896693083.00	5851983113939.00	13392294633.00
2001_2019	麻城市	296934285.00	16384487445.00	124839734.00	45717944974.00	9522375680153.00	44977646082.00	46674508720.00	9749759587357.00	51882866060.00
2001_2019	随州市	122116556.00	9228806064.00	15692622.00	11131501822.00	4230230748569.00	5657097856.00	12349628721.00	4665723830562.00	6560232779.00
2001_2019	驻马店市	436890486.00	14470959539.00	58986192.00	16964724275.00	6853039223508.00	18980470509.00	18642191549.00	6299153200928.00	23572390985.00
2001_2019	商州市	30047833.00	19422799505.00	22396181.00	5307686394.00	13923358539987.00	10108712469.00	6202921613.00	10730969778180.00	11990638274.00
2001_2019	铜川市	59786201.00	3795976824.00	8357448.00	8372228548.00	2242545931520.00	3006364197.00	5240798326.00	1458532436420.00	2450486982.00
2001_2019	洛阳市	459674255.00	14345195605.00	109760003.00	49918713668.00	7921412234479.00	39530663435.00	55439593954.00	6901702885119.00	47525309461.00
2001_2019	许昌市	360740863.00	4750091457.00	52282361.00	9852697690.00	1999043686250.00	16547792028.00	11444177533.00	2001737163190.00	21478921725.00
2001_2019	临汾市	866950322.00	19387295690.00	76498120.00	168822822743.00	8720086278996.00	30380503951.00	109903002648.00	5820351072282.00	20756160376.00
2001_2019	太原市	758860675.00	6227003084.00	51016121.00	131039101922.00	3082588157868.00	15263028961.00	98691971430.00	1814587694003.00	13167716221.00
2001_2019	邯郸市	1472699535.00	10538297834.00	237927683.00	163023450897.00	3526621240269.00	60362669561.00	168134867589.00	3158065145674.00	68193652180.00
2001_2019	新乡市	697257333.00	7575972053.00	149864692.00	57955129097.00	2819263124222.00	43219548859.00	61516866562.00	2437303347333.00	49293180319.00
2001_2019	蚌埠市	281870626.00	5234499750.00	53017911.00	29778793609.00	2589611073723.00	19612950825.00	32298207923.00	2336732956485.00	21937020244.00
2001_2019	商丘市	401012295.00	9948328022.00	73089882.00	13106451866.00	4493428168540.00	23215696114.00	18976201230.00	4748483015042.00	33893943696.00
2001_2019	石家庄市	1470540005.00	12371251458.00	299983510.00	120223685753.00	3981196095610.00	75214597609.00	121939774249.00	3468764909139.00	81348627127.00
2001_2019	德州市	391216666.00	10235824959.00	103946260.00	23574968124.00	4049811740014.00	29033135660.00	21568010202.00	3043747566227.00	29476921257.00
2001_2019	天津市	2201082526.00	8074887239.00	382608162.00	345516122064.00	2847607203227.00	114911015108.00	245040683384.00	2057934466461.00	90316176356.00
2001_2019	承德市	123724077.00	39266063453.00	51725734.00	14859297415.00	22232807805268.00	19951968363.00	12393544370.00	15582745146945.00	19347441779.00
2001_2019	营口市	383354531.00	4522171527.00	84117565.00	55698222754.00	2705493445473.00	37971210272.00	49044265945.00	2299302085729.00	35591997446.00
2001_2019	本溪市	181627409.00	4499112494.00	27032328.00	18840902700.00	3189450051225.00	12674142683.00	16773566211.00	2940067368528.00	13270012223.00
2001_2019	通辽市	236798328.00	58106144767.00	22255105.00	1427250126.00	21341900648989.00	6398634361.00	899088044.00	12948510512386.00	4720755095.00
2001_2019	齐齐哈尔市	373748488.00	41595234602.00	23264939.00	13539795242.00	16862085182386.00	7717290043.00	8456951432.00	10817052245909.00	5453231022.00
2001_2019	通化市	191013492.00	15468864124.00	11675050.00	12357375650.00	11383657383307.00	5128529941.00	10602285391.00	10724992030284.00	5472471642.00
2001_2019	鹤岗市	156084268.00	14225625273.00	9314901.00	3669097663.00	7482522191791.00	3179640612.00	3162642253.00	6874827249087.00	3350563435.00
2001_2019	七台河市	158183184.00	5805676707.00	5229865.00	1114565913.00	3435882788603.00	1922550819.00	786426173.00	3069448433873.00	1912585641.00
2001_2019	贵港市	234998590.00	10442211841.00	31102081.00	4361756777.00	7977952838426.00	12471322639.00	4371977414.00	8474444109787.00	14862380007.00
2001_2019	台州市	447739885.00	7881574266.00	282232096.00	80527611917.00	7774673242016.00	154738341443.00	91652638919.00	6655277848438.00	177287155273.00
2001_2019	衢州市	186216409.00	8916779982.00	73682498.00	9551960970.00	7691673003305.00	33990974578.00	10341623303.00	7014605333640.00	40662498971.00
2001_2019	湖州市	238223100.00	5372841363.00	272905922.00	51705797725.00	3863441332219.00	113672797581.00	59820552338.00	3403259791331.00	137194699421.00
2001_2019	南京市	831647295.00	5238424261.00	341489752.00	221250663913.00	2764546820292.00	138839151255.00	237425353383.00	2639444860035.00	164604522733.00
2001_2019	芜湖市	166055584.00	2959026352.00	105703921.00	39743364945.00	1880186949634.00	45773221930.00	39366093842.00	1654837607802.00	49151724512.00
2001_2019	合肥市	455639111.00	6535439229.00	195095028.00	89049427509.00	3044653478615.00	71005972261.00	118795767242.00	3195718545899.00	92396689032.00
2001_2019	南通	357807803.00	7386221751.00	379903027.00	70814551648.00	5538260650504.00	195026731503.00	83827994376.00	5055936971328.00	231646503055.00
2001_2019	淮阴市	472160878.00	7728996353.00	75147378.00	31380096033.00	4523208553892.00	32870478794.00	33764991324.00	3990099696779.00	37714064003.00
2001_2019	徐州市	850561758.00	9990179228.00	195808981.00	132951709624.00	5436891074716.00	73939973109.00	145124388735.00	4988197582350.00	91146665467.00
2001_2019	日照市	169495178.00	4779496073.00	101801310.00	20394585439.00	2858931481249.00	45092124290.00	23148629294.00	2357427827553.00	55465381438.00
2001_2019	威海市	146306559.00	4733388571.00	76490667.00	24587771106.00	3333752053750.00	35720575171.00	23138604316.00	2809394657757.00	38204045451.00
2001_2019	淄博市	853752919.00	5085018769.00	126076982.00	138667737384.00	2553559122490.00	47141116844.00	116070900920.00	1954881277543.00	45316450893.00
2001_2019	泰安市	452260922.00	7120886146.00	89061442.00	73115919858.00	3286890415239.00	30721519075.00	68494496076.00	2738195392094.00	32380298304.00
2001_2019	玉溪市	418169286.00	13782336214.00	51491170.00	9440436747.00	16109655458220.00	40649310363.00	9238066054.00	13130450389717.00	42238368170.00
2001_2019	塔城市	406586900.00	52703784635.00	172108.00	0.00	13257712351267.00	36831128.00	0.00	10272290610250.00	23269012.00
2001_2019	牡丹江市	322585037	43101358218	18091937	9866596945	3.79015E+13	7766228169	8626380586	3.35821E+13	7837393151
